1423930428,s1-eth1,0.00,0.00,0.00,0,0,0.00,0.00,0.00,0,0,0.00,0.00,0,0
1423930428,s1-eth3,0.00,0.00,0.00,0,0,0.00,0.00,0.00,0,0,0.00,0.00,0,0
1423930428,s1-eth2,0.00,0.00,0.00,0,0,0.00,0.00,0.00,0,0,0.00,0.00,0,0
1423930428,s2-eth1,0.00,0.00,0.00,0,0,0.00,0.00,0.00,0,0,0.00,0.00,0,0
1423930428,s2-eth3,0.00,0.00,0.00,0,0,0.00,0.00,0.00,0,0,0.00,0.00,0,0
1423930428,s2-eth2,0.00,0.00,0.00,0,0,0.00,0.00,0.00,0,0,0.00,0.00,0,0
1423930428,s3-eth1,0.00,0.00,0.00,0,0,0.00,0.00,0.00,0,0,0.00,0.00,0,0
1423930428,s3-eth2,0.00,0.00,0.00,0,0,0.00,0.00,0.00,0,0,0.00,0.00,0,0
1423930428,eth0,0.00,0.00,0.00,0,0,0.00,0.00,0.00,0,0,0.00,0.00,0,0
1423930428,lo,0.00,0.00,0.00,0,0,0.00,0.00,0.00,0,0,0.00,0.00,0,0
1423930428,total,0.00,0.00,0.00,0,0,0.00,0.00,0.00,0,0,0.00,0.00,0,0
1423930429,s1-eth1,1251122.00,28314.00,1279436.00,28314,1251122,831.00,429.00,1260.00,429,831,0.00,0.00,0,0
1423930429,s1-eth3,19800.00,877790.00,897590.00,877790,19800,300.00,583.00,883.00,583,300,0.00,0.00,0,0
1423930429,s1-eth2,8448.00,380136.00,388584.00,380136,8448,128.00,252.00,380.00,252,128,0.00,0.00,0,0
1423930429,s2-eth1,877790.00,19800.00,897590.00,19800,877790,583.00,300.00,883.00,300,583,0.00,0.00,0,0
1423930429,s2-eth3,9372.00,421832.00,431204.00,421832,9372,142.00,280.00,422.00,280,142,0.00,0.00,0,0
1423930429,s2-eth2,10494.00,454444.00,464938.00,454444,10494,159.00,302.00,461.00,302,159,0.00,0.00,0,0
1423930429,s3-eth1,421410.59,9362.64,430773.25,9372,421832,279.72,141.86,421.58,142,280,0.00,0.00,0,0
1423930429,s3-eth2,9362.64,421410.59,430773.25,421832,9372,141.86,279.72,421.58,280,142,0.00,0.00,0,0
1423930429,eth0,145.85,337.66,483.52,338,146,1.00,5.00,5.99,5,1,0.00,0.00,0,0
1423930429,lo,0.00,0.00,0.00,0,0,0.00,0.00,0.00,0,0,0.00,0.00,0,0
1423930429,total,2605770.25,2611246.75,5217017.00,2613858,2608376,2563.44,2570.43,5133.87,2573,2566,0.00,0.00,0,0
1423930430,s1-eth1,1250478.00,28578.00,1279056.00,28578,1250478,831.00,433.00,1264.00,433,831,0.00,0.00,0,0
1423930430,s1-eth3,19536.00,881514.00,901050.00,881514,19536,296.00,585.00,881.00,585,296,0.00,0.00,0,0
1423930430,s1-eth2,9042.00,401454.00,410496.00,401454,9042,137.00,267.00,404.00,267,137,0.00,0.00,0,0
1423930430,s2-eth1,881514.00,19536.00,901050.00,19536,881514,585.00,296.00,881.00,296,585,0.00,0.00,0,0
1423930430,s2-eth3,8844.00,403664.00,412508.00,403664,8844,134.00,268.00,402.00,268,134,0.00,0.00,0,0
1423930430,s2-eth2,10692.00,477850.00,488542.00,477850,10692,162.00,317.00,479.00,317,162,0.00,0.00,0,0
1423930430,s3-eth1,403664.00,8844.00,412508.00,8844,403664,268.00,134.00,402.00,134,268,0.00,0.00,0,0
1423930430,s3-eth2,8844.00,403664.00,412508.00,403664,8844,134.00,268.00,402.00,268,134,0.00,0.00,0,0
1423930430,eth0,146.00,490.00,636.00,490,146,1.00,7.00,8.00,7,1,0.00,0.00,0,0
1423930430,lo,0.00,0.00,0.00,0,0,0.00,0.00,0.00,0,0,0.00,0.00,0,0
1423930430,total,2592760.00,2625594.00,5218354.00,2625594,2592760,2548.00,2575.00,5123.00,2575,2548,0.00,0.00,0,0
1423930431,s1-eth1,1250619.38,28549.45,1279168.88,28578,1251870,830.17,432.57,1262.74,433,831,0.00,0.00,0,0
1423930431,s1-eth3,19516.48,858763.25,878279.75,859622,19536,295.70,570.43,866.13,571,296,0.00,0.00,0,0
1423930431,s1-eth2,9098.90,395698.31,404797.22,396094,9108,137.86,262.74,400.60,263,138,0.00,0.00,0,0
1423930431,s2-eth1,858763.25,19516.48,878279.75,19536,859622,570.43,295.70,866.13,296,571,0.00,0.00,0,0
1423930431,s2-eth3,9032.97,388135.88,397168.84,388524,9042,136.86,257.74,394.61,258,137,0.00,0.00,0,0
1423930431,s2-eth2,10417.58,470627.38,481044.97,471098,10428,157.84,312.69,470.53,313,158,0.00,0.00,0,0
1423930431,s3-eth1,388135.88,9032.97,397168.84,9042,388524,257.74,136.86,394.61,137,258,0.00,0.00,0,0
1423930431,s3-eth2,9032.97,404773.25,413806.22,405178,9042,136.86,268.73,405.59,269,137,0.00,0.00,0,0
1423930431,eth0,145.85,245.75,391.61,246,146,1.00,4.00,5.00,4,1,0.00,0.00,0,0
1423930431,lo,0.00,0.00,0.00,0,0,0.00,0.00,0.00,0,0,0.00,0.00,0,0
1423930431,total,2554763.25,2575342.75,5130106.00,2577918,2557318,2524.48,2541.46,5065.93,2544,2527,0.00,0.00,0,0
1423930432,s1-eth1,1251282.00,28384.00,1279666.00,28384,1251282,833.00,430.00,1263.00,430,833,0.00,0.00,0,0
1423930432,s1-eth3,19958.00,904580.00,924538.00,904580,19958,303.00,606.00,909.00,606,303,0.00,0.00,0,0
1423930432,s1-eth2,9054.00,388678.00,397732.00,388678,9054,137.00,261.00,398.00,261,137,0.00,0.00,0,0
1423930432,s2-eth1,904580.00,19958.00,924538.00,19958,904580,606.00,303.00,909.00,303,606,0.00,0.00,0,0
1423930432,s2-eth3,9756.00,438730.00,448486.00,438730,9756,148.00,295.00,443.00,295,148,0.00,0.00,0,0
1423930432,s2-eth2,10746.00,467448.00,478194.00,467448,10746,163.00,314.00,477.00,314,163,0.00,0.00,0,0
1423930432,s3-eth1,438730.00,9756.00,448486.00,9756,438730,295.00,148.00,443.00,148,295,0.00,0.00,0,0
1423930432,s3-eth2,9756.00,422076.00,431832.00,422076,9756,148.00,284.00,432.00,284,148,0.00,0.00,0,0
1423930432,eth0,146.00,278.00,424.00,278,146,1.00,4.00,5.00,4,1,0.00,0.00,0,0
1423930432,lo,9908.00,9908.00,19816.00,9908,9908,101.00,101.00,202.00,101,101,0.00,0.00,0,0
1423930432,total,2663916.00,2689796.00,5353712.00,2689796,2663916,2735.00,2746.00,5481.00,2746,2735,0.00,0.00,0,0
1423930433,s1-eth1,1250853.12,29736.26,1280589.50,29766,1252104,833.17,450.55,1283.72,451,834,0.00,0.00,0,0
1423930433,s1-eth3,19054.95,873070.94,892125.88,873944,19074,288.71,579.42,868.13,580,289,0.00,0.00,0,0
1423930433,s1-eth2,10681.32,474347.66,485028.97,474822,10692,161.84,314.69,476.52,315,162,0.00,0.00,0,0
1423930433,s2-eth1,873070.94,19054.95,892125.88,19074,873944,579.42,288.71,868.13,289,580,0.00,0.00,0,0
1423930433,s2-eth3,9362.64,425948.06,435310.69,426374,9372,141.86,282.72,424.58,283,142,0.00,0.00,0,0
1423930433,s2-eth2,9692.31,445610.41,455302.72,446056,9702,146.85,295.70,442.56,296,147,0.00,0.00,0,0
1423930433,s3-eth1,425948.06,9362.64,435310.69,9372,426374,282.72,141.86,424.58,142,283,0.00,0.00,0,0
1423930433,s3-eth2,9362.64,425948.06,435310.69,426374,9372,141.86,282.72,424.58,283,142,0.00,0.00,0,0
1423930433,eth0,145.85,429.57,575.42,430,146,1.00,5.99,6.99,6,1,0.00,0.00,0,0
1423930433,lo,0.00,0.00,0.00,0,0,0.00,0.00,0.00,0,0,0.00,0.00,0,0
1423930433,total,2608172.00,2703508.50,5311680.50,2706212,2610780,2577.42,2642.36,5219.78,2645,2580,0.00,0.00,0,0
1423930434,s1-eth1,1250686.00,38700.00,1289386.00,38700,1250686,827.00,548.00,1375.00,548,827,0.00,0.00,0,0
1423930434,s1-eth3,26052.00,811682.00,837734.00,811682,26052,368.00,537.00,905.00,537,368,0.00,0.00,0,0
1423930434,s1-eth2,12738.00,405146.00,417884.00,405146,12738,181.00,269.00,450.00,269,181,0.00,0.00,0,0
1423930434,s2-eth1,811682.00,26052.00,837734.00,26052,811682,537.00,368.00,905.00,368,537,0.00,0.00,0,0
1423930434,s2-eth3,11412.00,346706.00,358118.00,346706,11412,162.00,229.00,391.00,229,162,0.00,0.00,0,0
1423930434,s2-eth2,14730.00,464976.00,479706.00,464976,14730,207.00,308.00,515.00,308,207,0.00,0.00,0,0
1423930434,s3-eth1,346706.00,11412.00,358118.00,11412,346706,229.00,162.00,391.00,162,229,0.00,0.00,0,0
1423930434,s3-eth2,11412.00,346706.00,358118.00,346706,11412,162.00,229.00,391.00,229,162,0.00,0.00,0,0
1423930434,eth0,146.00,278.00,424.00,278,146,1.00,4.00,5.00,4,1,0.00,0.00,0,0
1423930434,lo,864.00,864.00,1728.00,864,864,9.00,9.00,18.00,9,9,0.00,0.00,0,0
1423930434,total,2486428.00,2452522.00,4938950.00,2452522,2486428,2683.00,2663.00,5346.00,2663,2683,0.00,0.00,0,0
1423930435,s1-eth1,1250014.00,27456.00,1277470.00,27456,1250014,827.00,416.00,1243.00,416,827,0.00,0.00,0,0
1423930435,s1-eth3,18216.00,829672.00,847888.00,829672,18216,276.00,548.00,824.00,548,276,0.00,0.00,0,0
1423930435,s1-eth2,9174.00,434518.00,443692.00,434518,9174,139.00,287.00,426.00,287,139,0.00,0.00,0,0
1423930435,s2-eth1,829672.00,18216.00,847888.00,18216,829672,548.00,276.00,824.00,276,548,0.00,0.00,0,0
1423930435,s2-eth3,7986.00,369416.00,377402.00,369416,7986,121.00,244.00,365.00,244,121,0.00,0.00,0,0
1423930435,s2-eth2,10296.00,460256.00,470552.00,460256,10296,156.00,304.00,460.00,304,156,0.00,0.00,0,0
1423930435,s3-eth1,369416.00,7986.00,377402.00,7986,369416,244.00,121.00,365.00,121,244,0.00,0.00,0,0
1423930435,s3-eth2,7986.00,369416.00,377402.00,369416,7986,121.00,244.00,365.00,244,121,0.00,0.00,0,0
1423930435,eth0,146.00,490.00,636.00,490,146,1.00,7.00,8.00,7,1,0.00,0.00,0,0
1423930435,lo,0.00,0.00,0.00,0,0,0.00,0.00,0.00,0,0,0.00,0.00,0,0
1423930435,total,2502906.00,2517426.00,5020332.00,2517426,2502906,2433.00,2447.00,4880.00,2447,2433,0.00,0.00,0,0
1423930436,s1-eth1,1250276.00,27526.00,1277802.00,27526,1250276,830.00,417.00,1247.00,417,830,0.00,0.00,0,0
1423930436,s1-eth3,18092.00,824146.00,842238.00,824146,18092,274.00,549.00,823.00,549,274,0.00,0.00,0,0
1423930436,s1-eth2,9804.00,434588.00,444392.00,434588,9804,148.00,288.00,436.00,288,148,0.00,0.00,0,0
1423930436,s2-eth1,824146.00,18092.00,842238.00,18092,824146,549.00,274.00,823.00,274,549,0.00,0.00,0,0
1423930436,s2-eth3,8748.00,390682.00,399430.00,390682,8748,132.00,259.00,391.00,259,132,0.00,0.00,0,0
1423930436,s2-eth2,9714.00,433464.00,443178.00,433464,9714,147.00,290.00,437.00,290,147,0.00,0.00,0,0
1423930436,s3-eth1,390682.00,8748.00,399430.00,8748,390682,259.00,132.00,391.00,132,259,0.00,0.00,0,0
1423930436,s3-eth2,8748.00,390682.00,399430.00,390682,8748,132.00,259.00,391.00,259,132,0.00,0.00,0,0
1423930436,eth0,146.00,126.00,272.00,126,146,1.00,2.00,3.00,2,1,0.00,0.00,0,0
1423930436,lo,4080.00,4080.00,8160.00,4080,4080,45.00,45.00,90.00,45,45,0.00,0.00,0,0
1423930436,total,2524436.00,2532134.00,5056570.00,2532134,2524436,2517.00,2515.00,5032.00,2515,2517,0.00,0.00,0,0
1423930437,s1-eth1,1250396.00,27654.00,1278050.00,27654,1250396,828.00,419.00,1247.00,419,828,0.00,0.00,0,0
1423930437,s1-eth3,18282.00,829032.00,847314.00,829032,18282,277.00,548.00,825.00,548,277,0.00,0.00,0,0
1423930437,s1-eth2,9372.00,425836.00,435208.00,425836,9372,142.00,282.00,424.00,282,142,0.00,0.00,0,0
1423930437,s2-eth1,829032.00,18282.00,847314.00,18282,829032,548.00,277.00,825.00,277,548,0.00,0.00,0,0
1423930437,s2-eth3,8712.00,393640.00,402352.00,393640,8712,132.00,260.00,392.00,260,132,0.00,0.00,0,0
1423930437,s2-eth2,9570.00,435392.00,444962.00,435392,9570,145.00,288.00,433.00,288,145,0.00,0.00,0,0
1423930437,s3-eth1,393640.00,8712.00,402352.00,8712,393640,260.00,132.00,392.00,132,260,0.00,0.00,0,0
1423930437,s3-eth2,8712.00,393640.00,402352.00,393640,8712,132.00,260.00,392.00,260,132,0.00,0.00,0,0
1423930437,eth0,146.00,186.00,332.00,186,146,1.00,3.00,4.00,3,1,0.00,0.00,0,0
1423930437,lo,0.00,0.00,0.00,0,0,0.00,0.00,0.00,0,0,0.00,0.00,0,0
1423930437,total,2527862.00,2532374.00,5060236.00,2532374,2527862,2465.00,2469.00,4934.00,2469,2465,0.00,0.00,0,0
1423930438,s1-eth1,1250808.00,27720.00,1278528.00,27720,1250808,828.00,420.00,1248.00,420,828,0.00,0.00,0,0
1423930438,s1-eth3,18348.00,824556.00,842904.00,824556,18348,278.00,546.00,824.00,546,278,0.00,0.00,0,0
1423930438,s1-eth2,9438.00,425434.00,434872.00,425434,9438,143.00,281.00,424.00,281,143,0.00,0.00,0,0
1423930438,s2-eth1,824556.00,18348.00,842904.00,18348,824556,546.00,278.00,824.00,278,546,0.00,0.00,0,0
1423930438,s2-eth3,8646.00,387584.00,396230.00,387584,8646,131.00,256.00,387.00,256,131,0.00,0.00,0,0
1423930438,s2-eth2,9702.00,436972.00,446674.00,436972,9702,147.00,290.00,437.00,290,147,0.00,0.00,0,0
1423930438,s3-eth1,387584.00,8646.00,396230.00,8646,387584,256.00,131.00,387.00,131,256,0.00,0.00,0,0
1423930438,s3-eth2,8646.00,387584.00,396230.00,387584,8646,131.00,256.00,387.00,256,131,0.00,0.00,0,0
1423930438,eth0,146.00,430.00,576.00,430,146,1.00,6.00,7.00,6,1,0.00,0.00,0,0
1423930438,lo,0.00,0.00,0.00,0,0,0.00,0.00,0.00,0,0,0.00,0.00,0,0
1423930438,total,2517874.00,2517274.00,5035148.00,2517274,2517874,2461.00,2464.00,4925.00,2464,2461,0.00,0.00,0,0
1423930439,s1-eth1,1250253.75,27824.18,1278078.00,27852,1251504,827.17,421.58,1248.75,422,828,0.00,0.00,0,0
1423930439,s1-eth3,19054.95,859336.69,878391.62,860196,19074,288.71,569.43,858.14,570,289,0.00,0.00,0,0
1423930439,s1-eth2,8769.23,393480.53,402249.75,393874,8778,132.87,260.74,393.61,261,133,0.00,0.00,0,0
1423930439,s2-eth1,859336.69,19054.95,878391.62,19074,860196,569.43,288.71,858.14,289,570,0.00,0.00,0,0
1423930439,s2-eth3,9362.64,425009.00,434371.62,425434,9372,141.86,280.72,422.58,281,142,0.00,0.00,0,0
1423930439,s2-eth2,9626.37,441890.12,451516.50,442332,9636,145.85,293.71,439.56,294,146,0.00,0.00,0,0
1423930439,s3-eth1,425009.00,9362.64,434371.62,9372,425434,280.72,141.86,422.58,142,281,0.00,0.00,0,0
1423930439,s3-eth2,9362.64,425009.00,434371.62,425434,9372,141.86,280.72,422.58,281,142,0.00,0.00,0,0
1423930439,eth0,145.85,157.84,303.70,158,146,1.00,2.00,3.00,2,1,0.00,0.00,0,0
1423930439,lo,0.00,0.00,0.00,0,0,0.00,0.00,0.00,0,0,0.00,0.00,0,0
1423930439,total,2590921.25,2601125.00,5192046.00,2603726,2593512,2529.47,2539.46,5068.93,2542,2532,0.00,0.00,0,0
1423930440,s1-eth1,1250346.00,28596.00,1278942.00,28596,1250346,829.00,430.00,1259.00,430,829,0.00,0.00,0,0
1423930440,s1-eth3,18348.00,832126.00,850474.00,832126,18348,278.00,551.00,829.00,551,278,0.00,0.00,0,0
1423930440,s1-eth2,10182.00,434640.00,444822.00,434640,10182,151.00,288.00,439.00,288,151,0.00,0.00,0,0
1423930440,s2-eth1,832126.00,18348.00,850474.00,18348,832126,551.00,278.00,829.00,278,551,0.00,0.00,0,0
1423930440,s2-eth3,8778.00,393640.00,402418.00,393640,8778,133.00,260.00,393.00,260,133,0.00,0.00,0,0
1423930440,s2-eth2,9570.00,433944.00,443514.00,433944,9570,145.00,288.00,433.00,288,145,0.00,0.00,0,0
1423930440,s3-eth1,393640.00,8778.00,402418.00,8778,393640,260.00,133.00,393.00,133,260,0.00,0.00,0,0
1423930440,s3-eth2,8778.00,393640.00,402418.00,393640,8778,133.00,260.00,393.00,260,133,0.00,0.00,0,0
1423930440,eth0,146.00,66.00,212.00,66,146,1.00,1.00,2.00,1,1,0.00,0.00,0,0
1423930440,lo,0.00,0.00,0.00,0,0,0.00,0.00,0.00,0,0,0.00,0.00,0,0
1423930440,total,2531914.00,2543778.00,5075692.00,2543778,2531914,2481.00,2489.00,4970.00,2489,2481,0.00,0.00,0,0
1423930441,s1-eth1,1251686.38,30605.39,1282291.75,30636,1252938,828.17,453.55,1281.72,454,829,0.00,0.00,0,0
1423930441,s1-eth3,19912.09,898581.44,918493.56,899480,19932,301.70,595.40,897.10,596,302,0.00,0.00,0,0
1423930441,s1-eth2,10759.24,347872.12,358631.38,348220,10770,152.85,229.77,382.62,230,153,0.00,0.00,0,0
1423930441,s2-eth1,898581.44,19912.09,918493.56,19932,899480,595.40,301.70,897.10,302,596,0.00,0.00,0,0
1423930441,s2-eth3,9692.31,443896.12,453588.44,444340,9702,146.85,293.71,440.56,294,147,0.00,0.00,0,0
1423930441,s2-eth2,10219.78,453172.84,463392.62,453626,10230,154.85,300.70,455.54,301,155,0.00,0.00,0,0
1423930441,s3-eth1,443896.12,9692.31,453588.44,9702,444340,293.71,146.85,440.56,147,294,0.00,0.00,0,0
1423930441,s3-eth2,9692.31,445408.59,455100.91,445854,9702,146.85,294.71,441.56,295,147,0.00,0.00,0,0
1423930441,eth0,145.85,157.84,303.70,158,146,1.00,2.00,3.00,2,1,0.00,0.00,0,0
1423930441,lo,515.48,515.48,1030.97,516,516,8.99,8.99,17.98,9,9,0.00,0.00,0,0
1423930441,total,2655101.00,2649814.25,5304915.00,2652464,2657756,2630.37,2627.37,5257.74,2630,2633,0.00,0.00,0,0
1423930442,s1-eth1,1250497.50,36685.32,1287182.88,36722,1251748,829.17,522.48,1351.65,523,830,0.00,0.00,0,0
1423930442,s1-eth3,24817.18,890403.62,915220.81,891294,24842,354.65,590.41,945.05,591,355,0.00,0.00,0,0
1423930442,s1-eth2,11802.20,362997.00,374799.22,363360,11814,166.83,239.76,406.59,240,167,0.00,0.00,0,0
1423930442,s2-eth1,890403.62,24817.18,915220.81,24842,891294,590.41,354.65,945.05,355,591,0.00,0.00,0,0
1423930442,s2-eth3,8967.03,408493.53,417460.56,408902,8976,135.86,270.73,406.59,271,136,0.00,0.00,0,0
1423930442,s2-eth2,15916.08,480397.62,496313.69,480878,15932,219.78,318.68,538.46,319,220,0.00,0.00,0,0
1423930442,s3-eth1,408493.53,8967.03,417460.56,8976,408902,270.73,135.86,406.59,136,271,0.00,0.00,0,0
1423930442,s3-eth2,8967.03,406981.03,415948.06,407388,8976,135.86,269.73,405.59,270,136,0.00,0.00,0,0
1423930442,eth0,145.85,249.75,395.60,250,146,1.00,3.00,4.00,3,1,0.00,0.00,0,0
1423930442,lo,0.00,0.00,0.00,0,0,0.00,0.00,0.00,0,0,0.00,0.00,0,0
1423930442,total,2620010.00,2619992.00,5240002.00,2622612,2622630,2704.30,2705.29,5409.59,2708,2707,0.00,0.00,0,0
1423930443,s1-eth1,1250046.00,39200.00,1289246.00,39200,1250046,827.00,538.00,1365.00,538,827,0.00,0.00,0,0
1423930443,s1-eth3,28972.00,907882.00,936854.00,907882,28972,404.00,601.00,1005.00,601,404,0.00,0.00,0,0
1423930443,s1-eth2,10228.00,302800.00,313028.00,302800,10228,134.00,200.00,334.00,200,134,0.00,0.00,0,0
1423930443,s2-eth1,907882.00,28972.00,936854.00,28972,907882,601.00,404.00,1005.00,404,601,0.00,0.00,0,0
1423930443,s2-eth3,14458.00,443724.00,458182.00,443724,14458,199.00,294.00,493.00,294,199,0.00,0.00,0,0
1423930443,s2-eth2,14514.00,464158.00,478672.00,464158,14514,205.00,307.00,512.00,307,205,0.00,0.00,0,0
1423930443,s3-eth1,443724.00,14458.00,458182.00,14458,443724,294.00,199.00,493.00,199,294,0.00,0.00,0,0
1423930443,s3-eth2,14458.00,446752.00,461210.00,446752,14458,199.00,296.00,495.00,296,199,0.00,0.00,0,0
1423930443,eth0,146.00,66.00,212.00,66,146,1.00,1.00,2.00,1,1,0.00,0.00,0,0
1423930443,lo,0.00,0.00,0.00,0,0,0.00,0.00,0.00,0,0,0.00,0.00,0,0
1423930443,total,2684428.00,2648012.00,5332440.00,2648012,2684428,2864.00,2840.00,5704.00,2840,2864,0.00,0.00,0,0
1423930444,s1-eth1,1250564.00,27456.00,1278020.00,27456,1250564,826.00,416.00,1242.00,416,826,0.00,0.00,0,0
1423930444,s1-eth3,20790.00,973502.00,994292.00,973502,20790,315.00,643.00,958.00,643,315,0.00,0.00,0,0
1423930444,s1-eth2,6666.00,310370.00,317036.00,310370,6666,101.00,205.00,306.00,205,101,0.00,0.00,0,0
1423930444,s2-eth1,973502.00,20790.00,994292.00,20790,973502,643.00,315.00,958.00,315,643,0.00,0.00,0,0
1423930444,s2-eth3,10890.00,516274.00,527164.00,516274,10890,165.00,341.00,506.00,341,165,0.00,0.00,0,0
1423930444,s2-eth2,9900.00,460256.00,470156.00,460256,9900,150.00,304.00,454.00,304,150,0.00,0.00,0,0
1423930444,s3-eth1,516274.00,10890.00,527164.00,10890,516274,341.00,165.00,506.00,165,341,0.00,0.00,0,0
1423930444,s3-eth2,10890.00,513246.00,524136.00,513246,10890,165.00,339.00,504.00,339,165,0.00,0.00,0,0
1423930444,eth0,146.00,250.00,396.00,250,146,1.00,3.00,4.00,3,1,0.00,0.00,0,0
1423930444,lo,0.00,0.00,0.00,0,0,0.00,0.00,0.00,0,0,0.00,0.00,0,0
1423930444,total,2799622.00,2833034.00,5632656.00,2833034,2799622,2707.00,2731.00,5438.00,2731,2707,0.00,0.00,0,0
1423930445,s1-eth1,1250798.00,27588.00,1278386.00,27588,1250798,827.00,418.00,1245.00,418,827,0.00,0.00,0,0
1423930445,s1-eth3,20988.00,964652.00,985640.00,964652,20988,318.00,638.00,956.00,638,318,0.00,0.00,0,0
1423930445,s1-eth2,6600.00,296744.00,303344.00,296744,6600,100.00,196.00,296.00,196,100,0.00,0.00,0,0
1423930445,s2-eth1,964652.00,20988.00,985640.00,20988,964652,638.00,318.00,956.00,318,638,0.00,0.00,0,0
1423930445,s2-eth3,11220.00,514994.00,526214.00,514994,11220,170.00,341.00,511.00,341,170,0.00,0.00,0,0
1423930445,s2-eth2,9768.00,446630.00,456398.00,446630,9768,148.00,295.00,443.00,295,148,0.00,0.00,0,0
1423930445,s3-eth1,514994.00,11220.00,526214.00,11220,514994,341.00,170.00,511.00,170,341,0.00,0.00,0,0
1423930445,s3-eth2,11220.00,514994.00,526214.00,514994,11220,170.00,341.00,511.00,341,170,0.00,0.00,0,0
1423930445,eth0,146.00,342.00,488.00,342,146,1.00,4.00,5.00,4,1,0.00,0.00,0,0
1423930445,lo,0.00,0.00,0.00,0,0,0.00,0.00,0.00,0,0,0.00,0.00,0,0
1423930445,total,2790386.00,2798152.00,5588538.00,2798152,2790386,2713.00,2721.00,5434.00,2721,2713,0.00,0.00,0,0
1423930446,s1-eth1,1249980.00,27522.00,1277502.00,27522,1249980,826.00,417.00,1243.00,417,826,0.00,0.00,0,0
1423930446,s1-eth3,21054.00,954750.00,975804.00,954750,21054,319.00,631.00,950.00,631,319,0.00,0.00,0,0
1423930446,s1-eth2,6468.00,299772.00,306240.00,299772,6468,98.00,198.00,296.00,198,98,0.00,0.00,0,0
1423930446,s2-eth1,954750.00,21054.00,975804.00,21054,954750,631.00,319.00,950.00,319,631,0.00,0.00,0,0
1423930446,s2-eth3,11352.00,514176.00,525528.00,514176,11352,172.00,340.00,512.00,340,172,0.00,0.00,0,0
1423930446,s2-eth2,9702.00,440574.00,450276.00,440574,9702,147.00,291.00,438.00,291,147,0.00,0.00,0,0
1423930446,s3-eth1,514176.00,11352.00,525528.00,11352,514176,340.00,172.00,512.00,172,340,0.00,0.00,0,0
1423930446,s3-eth2,11352.00,514176.00,525528.00,514176,11352,172.00,340.00,512.00,340,172,0.00,0.00,0,0
1423930446,eth0,146.00,158.00,304.00,158,146,1.00,2.00,3.00,2,1,0.00,0.00,0,0
1423930446,lo,516.00,516.00,1032.00,516,516,9.00,9.00,18.00,9,9,0.00,0.00,0,0
1423930446,total,2779496.00,2784050.00,5563546.00,2784050,2779496,2715.00,2719.00,5434.00,2719,2715,0.00,0.00,0,0
1423930447,s1-eth1,1251560.00,27390.00,1278950.00,27390,1251560,828.00,415.00,1243.00,415,828,0.00,0.00,0,0
1423930447,s1-eth3,21384.00,979040.00,1000424.00,979040,21384,324.00,648.00,972.00,648,324,0.00,0.00,0,0
1423930447,s1-eth2,6006.00,277062.00,283068.00,277062,6006,91.00,183.00,274.00,183,91,0.00,0.00,0,0
1423930447,s2-eth1,979040.00,21384.00,1000424.00,21384,979040,648.00,324.00,972.00,324,648,0.00,0.00,0,0
1423930447,s2-eth3,11154.00,509700.00,520854.00,509700,11154,169.00,338.00,507.00,338,169,0.00,0.00,0,0
1423930447,s2-eth2,10230.00,469340.00,479570.00,469340,10230,155.00,310.00,465.00,310,155,0.00,0.00,0,0
1423930447,s3-eth1,509700.00,11154.00,520854.00,11154,509700,338.00,169.00,507.00,169,338,0.00,0.00,0,0
1423930447,s3-eth2,11154.00,511214.00,522368.00,511214,11154,169.00,339.00,508.00,339,169,0.00,0.00,0,0
1423930447,eth0,146.00,342.00,488.00,342,146,1.00,4.00,5.00,4,1,0.00,0.00,0,0
1423930447,lo,0.00,0.00,0.00,0,0,0.00,0.00,0.00,0,0,0.00,0.00,0,0
1423930447,total,2800374.00,2806626.00,5607000.00,2806626,2800374,2723.00,2730.00,5453.00,2730,2723,0.00,0.00,0,0
1423930448,s1-eth1,1250564.00,27588.00,1278152.00,27588,1250564,826.00,418.00,1244.00,418,826,0.00,0.00,0,0
1423930448,s1-eth3,20460.00,938680.00,959140.00,938680,20460,310.00,620.00,930.00,620,310,0.00,0.00,0,0
1423930448,s1-eth2,7128.00,327024.00,334152.00,327024,7128,108.00,216.00,324.00,216,108,0.00,0.00,0,0
1423930448,s2-eth1,938680.00,20460.00,959140.00,20460,938680,620.00,310.00,930.00,310,620,0.00,0.00,0,0
1423930448,s2-eth3,10890.00,498106.00,508996.00,498106,10890,165.00,329.00,494.00,329,165,0.00,0.00,0,0
1423930448,s2-eth2,9570.00,442088.00,451658.00,442088,9570,145.00,292.00,437.00,292,145,0.00,0.00,0,0
1423930448,s3-eth1,498106.00,10890.00,508996.00,10890,498106,329.00,165.00,494.00,165,329,0.00,0.00,0,0
1423930448,s3-eth2,10890.00,498106.00,508996.00,498106,10890,165.00,329.00,494.00,329,165,0.00,0.00,0,0
1423930448,eth0,146.00,218.00,364.00,218,146,1.00,3.00,4.00,3,1,0.00,0.00,0,0
1423930448,lo,0.00,0.00,0.00,0,0,0.00,0.00,0.00,0,0,0.00,0.00,0,0
1423930448,total,2746434.00,2763160.00,5509594.00,2763160,2746434,2669.00,2682.00,5351.00,2682,2669,0.00,0.00,0,0
1423930449,s1-eth1,1250243.75,36235.77,1286479.50,36272,1251494,826.17,491.51,1317.68,492,827,0.00,0.00,0,0
1423930449,s1-eth3,25936.06,881196.81,907132.88,882078,25962,352.65,582.42,935.06,583,353,0.00,0.00,0,0
1423930449,s1-eth2,10299.70,314597.41,324897.12,314912,10310,138.86,207.79,346.65,208,139,0.00,0.00,0,0
1423930449,s2-eth1,881196.81,25936.06,907132.88,25962,882078,582.42,352.65,935.06,353,583,0.00,0.00,0,0
1423930449,s2-eth3,15320.68,395688.31,411009.00,396084,15336,191.81,261.74,453.55,262,192,0.00,0.00,0,0
1423930449,s2-eth2,10549.45,483996.03,494545.47,484480,10560,159.84,319.68,479.52,320,160,0.00,0.00,0,0
1423930449,s3-eth1,395688.31,15320.68,411009.00,15336,396084,261.74,191.81,453.55,192,262,0.00,0.00,0,0
1423930449,s3-eth2,15320.68,394175.84,409496.50,394570,15336,191.81,260.74,452.55,261,192,0.00,0.00,0,0
1423930449,eth0,145.85,185.81,331.67,186,146,1.00,3.00,4.00,3,1,0.00,0.00,0,0
1423930449,lo,0.00,0.00,0.00,0,0,0.00,0.00,0.00,0,0,0.00,0.00,0,0
1423930449,total,2604701.25,2547332.75,5152034.00,2549880,2607306,2706.29,2671.33,5377.62,2674,2709,0.00,0.00,0,0
1423930450,s1-eth1,1250414.00,30146.00,1280560.00,30146,1250414,827.00,449.00,1276.00,449,827,0.00,0.00,0,0
1423930450,s1-eth3,22506.00,999282.00,1021788.00,999282,22506,341.00,661.00,1002.00,661,341,0.00,0.00,0,0
1423930450,s1-eth2,7640.00,309538.00,317178.00,309538,7640,108.00,205.00,313.00,205,108,0.00,0.00,0,0
1423930450,s2-eth1,999282.00,22506.00,1021788.00,22506,999282,661.00,341.00,1002.00,341,661,0.00,0.00,0,0
1423930450,s2-eth3,9966.00,431490.00,441456.00,431490,9966,151.00,285.00,436.00,285,151,0.00,0.00,0,0
1423930450,s2-eth2,12606.00,570820.00,583426.00,570820,12606,191.00,378.00,569.00,378,191,0.00,0.00,0,0
1423930450,s3-eth1,431490.00,9966.00,441456.00,9966,431490,285.00,151.00,436.00,151,285,0.00,0.00,0,0
1423930450,s3-eth2,9966.00,431490.00,441456.00,431490,9966,151.00,285.00,436.00,285,151,0.00,0.00,0,0
1423930450,eth0,146.00,158.00,304.00,158,146,1.00,2.00,3.00,2,1,0.00,0.00,0,0
1423930450,lo,0.00,0.00,0.00,0,0,0.00,0.00,0.00,0,0,0.00,0.00,0,0
1423930450,total,2744016.00,2805396.00,5549412.00,2805396,2744016,2716.00,2757.00,5473.00,2757,2716,0.00,0.00,0,0
1423930451,s1-eth1,1250599.38,35462.54,1286062.00,35498,1251850,828.17,498.50,1326.67,499,829,0.00,0.00,0,0
1423930451,s1-eth3,25770.23,959328.69,985098.94,960288,25796,367.63,635.36,1003.00,636,368,0.00,0.00,0,0
1423930451,s1-eth2,9758.24,279810.19,289568.44,280090,9768,131.87,184.82,316.68,185,132,0.00,0.00,0,0
1423930451,s2-eth1,959328.69,25770.23,985098.94,25796,960288,635.36,367.63,1003.00,368,636,0.00,0.00,0,0
1423930451,s2-eth3,11406.59,528843.19,540249.75,529372,11418,172.83,349.65,522.48,350,173,0.00,0.00,0,0
1423930451,s2-eth2,14297.70,430485.53,444783.22,430916,14312,193.81,285.71,479.52,286,194,0.00,0.00,0,0
1423930451,s3-eth1,528843.19,11406.59,540249.75,11418,529372,349.65,172.83,522.48,173,350,0.00,0.00,0,0
1423930451,s3-eth2,11406.59,528843.19,540249.75,529372,11418,172.83,349.65,522.48,350,173,0.00,0.00,0,0
1423930451,eth0,145.85,65.93,211.79,66,146,1.00,1.00,2.00,1,1,0.00,0.00,0,0
1423930451,lo,515.48,515.48,1030.97,516,516,8.99,8.99,17.98,9,9,0.00,0.00,0,0
1423930451,total,2812072.00,2800531.50,5612603.50,2803332,2814884,2862.14,2854.15,5716.28,2857,2865,0.00,0.00,0,0
1423930452,s1-eth1,1251494.00,27654.00,1279148.00,27654,1251494,827.00,419.00,1246.00,419,827,0.00,0.00,0,0
1423930452,s1-eth3,21252.00,974432.00,995684.00,974432,21252,322.00,644.00,966.00,644,322,0.00,0.00,0,0
1423930452,s1-eth2,6402.00,295230.00,301632.00,295230,6402,97.00,195.00,292.00,195,97,0.00,0.00,0,0
1423930452,s2-eth1,974432.00,21252.00,995684.00,21252,974432,644.00,322.00,966.00,322,644,0.00,0.00,0,0
1423930452,s2-eth3,10692.00,482382.00,493074.00,482382,10692,162.00,319.00,481.00,319,162,0.00,0.00,0,0
1423930452,s2-eth2,10560.00,489022.00,499582.00,489022,10560,160.00,323.00,483.00,323,160,0.00,0.00,0,0
1423930452,s3-eth1,482382.00,10692.00,493074.00,10692,482382,319.00,162.00,481.00,162,319,0.00,0.00,0,0
1423930452,s3-eth2,10692.00,482382.00,493074.00,482382,10692,162.00,319.00,481.00,319,162,0.00,0.00,0,0
1423930452,eth0,146.00,208.00,354.00,208,146,1.00,3.00,4.00,3,1,0.00,0.00,0,0
1423930452,lo,0.00,0.00,0.00,0,0,0.00,0.00,0.00,0,0,0.00,0.00,0,0
1423930452,total,2768052.00,2783254.00,5551306.00,2783254,2768052,2694.00,2706.00,5400.00,2706,2694,0.00,0.00,0,0
1423930453,s1-eth1,1249604.38,37498.50,1287102.88,37536,1250854,826.17,529.47,1355.64,530,827,0.00,0.00,0,0
1423930453,s1-eth3,28939.06,942569.44,971508.50,943512,28968,407.59,623.38,1030.97,624,408,0.00,0.00,0,0
1423930453,s1-eth2,8493.51,269222.78,277716.28,269492,8502,120.88,177.82,298.70,178,121,0.00,0.00,0,0
1423930453,s2-eth1,942569.44,28939.06,971508.50,28968,943512,623.38,407.59,1030.97,408,624,0.00,0.00,0,0
1423930453,s2-eth3,14787.21,487894.12,502681.34,488382,14802,208.79,322.68,531.47,323,209,0.00,0.00,0,0
1423930453,s2-eth2,14151.85,454675.34,468827.19,455130,14166,198.80,300.70,499.50,301,199,0.00,0.00,0,0
1423930453,s3-eth1,487894.12,14787.21,502681.34,14802,488382,322.68,208.79,531.47,209,323,0.00,0.00,0,0
1423930453,s3-eth2,14787.21,490919.09,505706.31,491410,14802,208.79,324.68,533.47,325,209,0.00,0.00,0,0
1423930453,eth0,145.85,489.51,635.36,490,146,1.00,6.99,7.99,7,1,0.00,0.00,0,0
1423930453,lo,0.00,0.00,0.00,0,0,0.00,0.00,0.00,0,0,0.00,0.00,0,0
1423930453,total,2761372.75,2726995.00,5488368.00,2729722,2764134,2918.08,2902.10,5820.18,2905,2921,0.00,0.00,0,0
1423930454,s1-eth1,1250564.00,27126.00,1277690.00,27126,1250564,826.00,411.00,1237.00,411,826,0.00,0.00,0,0
1423930454,s1-eth3,21384.00,1005296.00,1026680.00,1005296,21384,324.00,664.00,988.00,664,324,0.00,0.00,0,0
1423930454,s1-eth2,5808.00,269492.00,275300.00,269492,5808,88.00,178.00,266.00,178,88,0.00,0.00,0,0
1423930454,s2-eth1,1005296.00,21384.00,1026680.00,21384,1005296,664.00,324.00,988.00,324,664,0.00,0.00,0,0
1423930454,s2-eth3,10824.00,510218.00,521042.00,510218,10824,164.00,337.00,501.00,337,164,0.00,0.00,0,0
1423930454,s2-eth2,10626.00,495078.00,505704.00,495078,10626,161.00,327.00,488.00,327,161,0.00,0.00,0,0
1423930454,s3-eth1,510218.00,10824.00,521042.00,10824,510218,337.00,164.00,501.00,164,337,0.00,0.00,0,0
1423930454,s3-eth2,10758.00,510218.00,520976.00,510218,10758,163.00,337.00,500.00,337,163,0.00,0.00,0,0
1423930454,eth0,146.00,360.00,506.00,360,146,1.00,5.00,6.00,5,1,0.00,0.00,0,0
1423930454,lo,0.00,0.00,0.00,0,0,0.00,0.00,0.00,0,0,0.00,0.00,0,0
1423930454,total,2825624.00,2849996.00,5675620.00,2849996,2825624,2728.00,2747.00,5475.00,2747,2728,0.00,0.00,0,0
1423930455,s1-eth1,1250036.00,27456.00,1277492.00,27456,1250036,826.00,416.00,1242.00,416,826,0.00,0.00,0,0
1423930455,s1-eth3,22044.00,1013974.00,1036018.00,1013974,22044,334.00,671.00,1005.00,671,334,0.00,0.00,0,0
1423930455,s1-eth2,5280.00,239212.00,244492.00,239212,5280,80.00,158.00,238.00,158,80,0.00,0.00,0,0
1423930455,s2-eth1,1013974.00,22044.00,1036018.00,22044,1013974,671.00,334.00,1005.00,334,671,0.00,0.00,0,0
1423930455,s2-eth3,11682.00,540092.00,551774.00,540092,11682,177.00,358.00,535.00,358,177,0.00,0.00,0,0
1423930455,s2-eth2,10362.00,476910.00,487272.00,476910,10362,157.00,315.00,472.00,315,157,0.00,0.00,0,0
1423930455,s3-eth1,540092.00,11682.00,551774.00,11682,540092,358.00,177.00,535.00,177,358,0.00,0.00,0,0
1423930455,s3-eth2,11682.00,537064.00,548746.00,537064,11682,177.00,356.00,533.00,356,177,0.00,0.00,0,0
1423930455,eth0,146.00,246.00,392.00,246,146,1.00,4.00,5.00,4,1,0.00,0.00,0,0
1423930455,lo,0.00,0.00,0.00,0,0,0.00,0.00,0.00,0,0,0.00,0.00,0,0
1423930455,total,2865298.00,2868680.00,5733978.00,2868680,2865298,2781.00,2789.00,5570.00,2789,2781,0.00,0.00,0,0
1423930456,s1-eth1,1251560.00,27456.00,1279016.00,27456,1251560,828.00,416.00,1244.00,416,828,0.00,0.00,0,0
1423930456,s1-eth3,21780.00,995572.00,1017352.00,995572,21780,330.00,658.00,988.00,658,330,0.00,0.00,0,0
1423930456,s1-eth2,5676.00,255866.00,261542.00,255866,5676,86.00,169.00,255.00,169,86,0.00,0.00,0,0
1423930456,s2-eth1,995572.00,21780.00,1017352.00,21780,995572,658.00,330.00,988.00,330,658,0.00,0.00,0,0
1423930456,s2-eth3,11286.00,514120.00,525406.00,514120,11286,171.00,340.00,511.00,340,171,0.00,0.00,0,0
1423930456,s2-eth2,10494.00,478424.00,488918.00,478424,10494,159.00,316.00,475.00,316,159,0.00,0.00,0,0
1423930456,s3-eth1,514120.00,11286.00,525406.00,11286,514120,340.00,171.00,511.00,171,340,0.00,0.00,0,0
1423930456,s3-eth2,11352.00,514120.00,525472.00,514120,11352,172.00,340.00,512.00,340,172,0.00,0.00,0,0
1423930456,eth0,146.00,240.00,386.00,240,146,1.00,3.00,4.00,3,1,0.00,0.00,0,0
1423930456,lo,516.00,516.00,1032.00,516,516,9.00,9.00,18.00,9,9,0.00,0.00,0,0
1423930456,total,2822502.00,2819380.00,5641882.00,2819380,2822502,2754.00,2752.00,5506.00,2752,2754,0.00,0.00,0,0
1423930457,s1-eth1,1250686.00,27522.00,1278208.00,27522,1250686,827.00,417.00,1244.00,417,827,0.00,0.00,0,0
1423930457,s1-eth3,21912.00,1003904.00,1025816.00,1003904,21912,332.00,664.00,996.00,664,332,0.00,0.00,0,0
1423930457,s1-eth2,5676.00,255866.00,261542.00,255866,5676,86.00,169.00,255.00,169,86,0.00,0.00,0,0
1423930457,s2-eth1,1003904.00,21912.00,1025816.00,21912,1003904,664.00,332.00,996.00,332,664,0.00,0.00,0,0
1423930457,s2-eth3,11286.00,511854.00,523140.00,511854,11286,171.00,339.00,510.00,339,171,0.00,0.00,0,0
1423930457,s2-eth2,10626.00,492050.00,502676.00,492050,10626,161.00,325.00,486.00,325,161,0.00,0.00,0,0
1423930457,s3-eth1,511854.00,11286.00,523140.00,11286,511854,339.00,171.00,510.00,171,339,0.00,0.00,0,0
1423930457,s3-eth2,11286.00,511854.00,523140.00,511854,11286,171.00,339.00,510.00,339,171,0.00,0.00,0,0
1423930457,eth0,146.00,370.00,516.00,370,146,1.00,5.00,6.00,5,1,0.00,0.00,0,0
1423930457,lo,0.00,0.00,0.00,0,0,0.00,0.00,0.00,0,0,0.00,0.00,0,0
1423930457,total,2827376.00,2836618.00,5663994.00,2836618,2827376,2752.00,2761.00,5513.00,2761,2752,0.00,0.00,0,0
1423930458,eth0,1628.00,1186.00,2814.00,1186,1628,14.00,18.00,32.00,18,14,0.00,0.00,0,0
1423930458,lo,1036.00,1036.00,2072.00,1036,1036,15.00,15.00,30.00,15,15,0.00,0.00,0,0
1423930458,total,18446744073709551616.00,18446744073709551616.00,18446744073709551616.00,18446744073628974989,184467440736293