1423930466,s1-eth1,0.00,0.00,0.00,0,0,0.00,0.00,0.00,0,0,0.00,0.00,0,0
1423930466,s1-eth3,0.00,0.00,0.00,0,0,0.00,0.00,0.00,0,0,0.00,0.00,0,0
1423930466,s1-eth2,0.00,0.00,0.00,0,0,0.00,0.00,0.00,0,0,0.00,0.00,0,0
1423930466,s2-eth1,0.00,0.00,0.00,0,0,0.00,0.00,0.00,0,0,0.00,0.00,0,0
1423930466,s2-eth3,0.00,0.00,0.00,0,0,0.00,0.00,0.00,0,0,0.00,0.00,0,0
1423930466,s2-eth2,0.00,0.00,0.00,0,0,0.00,0.00,0.00,0,0,0.00,0.00,0,0
1423930466,s3-eth1,0.00,0.00,0.00,0,0,0.00,0.00,0.00,0,0,0.00,0.00,0,0
1423930466,s3-eth3,0.00,0.00,0.00,0,0,0.00,0.00,0.00,0,0,0.00,0.00,0,0
1423930466,s3-eth2,0.00,0.00,0.00,0,0,0.00,0.00,0.00,0,0,0.00,0.00,0,0
1423930466,eth0,0.00,0.00,0.00,0,0,0.00,0.00,0.00,0,0,0.00,0.00,0,0
1423930466,lo,0.00,0.00,0.00,0,0,0.00,0.00,0.00,0,0,0.00,0.00,0,0
1423930466,s4-eth1,0.00,0.00,0.00,0,0,0.00,0.00,0.00,0,0,0.00,0.00,0,0
1423930466,s4-eth2,0.00,0.00,0.00,0,0,0.00,0.00,0.00,0,0,0.00,0.00,0,0
1423930466,total,0.00,0.00,0.00,0,0,0.00,0.00,0.00,0,0,0.00,0.00,0,0
1423930467,s1-eth1,1250497.50,28747.25,1279244.75,28776,1251748,829.17,435.56,1264.74,436,830,0.00,0.00,0,0
1423930467,s1-eth3,21626.38,974407.62,996034.00,975382,21648,327.67,646.35,974.03,647,328,0.00,0.00,0,0
1423930467,s1-eth2,7054.95,315414.59,322469.53,315730,7062,106.89,208.79,315.68,209,107,0.00,0.00,0,0
1423930467,s2-eth1,974407.62,21626.38,996034.00,21648,975382,646.35,327.67,974.03,328,647,0.00,0.00,0,0
1423930467,s2-eth3,14769.23,671788.25,686557.44,672460,14784,223.78,445.55,669.33,446,224,0.00,0.00,0,0
1423930467,s2-eth2,6864.00,302922.00,309786.00,302922,6864,104.00,201.00,305.00,201,104,0.00,0.00,0,0
1423930467,s3-eth1,672460.00,14784.00,687244.00,14784,672460,446.00,224.00,670.00,224,446,0.00,0.00,0,0
1423930467,s3-eth3,7260.00,321090.00,328350.00,321090,7260,110.00,213.00,323.00,213,110,0.00,0.00,0,0
1423930467,s3-eth2,7590.00,337744.00,345334.00,337744,7590,115.00,224.00,339.00,224,115,0.00,0.00,0,0
1423930467,eth0,146.00,278.00,424.00,278,146,1.00,4.00,5.00,4,1,0.00,0.00,0,0
1423930467,lo,0.00,0.00,0.00,0,0,0.00,0.00,0.00,0,0,0.00,0.00,0,0
1423930467,s4-eth1,321090.00,7260.00,328350.00,7260,321090,213.00,110.00,323.00,110,213,0.00,0.00,0,0
1423930467,s4-eth2,7260.00,321090.00,328350.00,321090,7260,110.00,213.00,323.00,213,110,0.00,0.00,0,0
1423930467,total,3293294.00,3319164.00,6612458.00,3319164,3293294,3235.00,3255.00,6490.00,3255,3235,0.00,0.00,0,0
1423930468,s1-eth1,1250290.00,28842.00,1279132.00,28842,1250290,829.00,437.00,1266.00,437,829,0.00,0.00,0,0
1423930468,s1-eth3,22110.00,980742.00,1002852.00,980742,22110,335.00,651.00,986.00,651,335,0.00,0.00,0,0
1423930468,s1-eth2,6732.00,288534.00,295266.00,288534,6732,102.00,191.00,293.00,191,102,0.00,0.00,0,0
1423930468,s2-eth1,980742.00,22110.00,1002852.00,22110,980742,651.00,335.00,986.00,335,651,0.00,0.00,0,0
1423930468,s2-eth3,14916.00,662680.00,677596.00,662680,14916,226.00,440.00,666.00,440,226,0.00,0.00,0,0
1423930468,s2-eth2,7194.00,318062.00,325256.00,318062,7194,109.00,211.00,320.00,211,109,0.00,0.00,0,0
1423930468,s3-eth1,662680.00,14916.00,677596.00,14916,662680,440.00,226.00,666.00,226,440,0.00,0.00,0,0
1423930468,s3-eth3,7722.00,343800.00,351522.00,343800,7722,117.00,228.00,345.00,228,117,0.00,0.00,0,0
1423930468,s3-eth2,7194.00,318880.00,326074.00,318880,7194,109.00,212.00,321.00,212,109,0.00,0.00,0,0
1423930468,eth0,236.00,368.00,604.00,368,236,2.00,5.00,7.00,5,2,0.00,0.00,0,0
1423930468,lo,0.00,0.00,0.00,0,0,0.00,0.00,0.00,0,0,0.00,0.00,0,0
1423930468,s4-eth1,343800.00,7722.00,351522.00,7722,343800,228.00,117.00,345.00,117,228,0.00,0.00,0,0
1423930468,s4-eth2,7722.00,343800.00,351522.00,343800,7722,117.00,228.00,345.00,228,117,0.00,0.00,0,0
1423930468,total,3311338.00,3330456.00,6641794.00,3330456,3311338,3265.00,3281.00,6546.00,3281,3265,0.00,0.00,0,0
1423930469,s1-eth1,1251052.00,28776.00,1279828.00,28776,1251052,830.00,436.00,1266.00,436,830,0.00,0.00,0,0
1423930469,s1-eth3,21780.00,961878.00,983658.00,961878,21780,330.00,639.00,969.00,639,330,0.00,0.00,0,0
1423930469,s1-eth2,7062.00,306702.00,313764.00,306702,7062,107.00,203.00,310.00,203,107,0.00,0.00,0,0
1423930469,s2-eth1,961878.00,21780.00,983658.00,21780,961878,639.00,330.00,969.00,330,639,0.00,0.00,0,0
1423930469,s2-eth3,14784.00,653596.00,668380.00,653596,14784,224.00,434.00,658.00,434,224,0.00,0.00,0,0
1423930469,s2-eth2,6930.00,309796.00,316726.00,309796,6930,105.00,206.00,311.00,206,105,0.00,0.00,0,0
1423930469,s3-eth1,653596.00,14784.00,668380.00,14784,653596,434.00,224.00,658.00,224,434,0.00,0.00,0,0
1423930469,s3-eth3,7722.00,338562.00,346284.00,338562,7722,117.00,225.00,342.00,225,117,0.00,0.00,0,0
1423930469,s3-eth2,7062.00,315034.00,322096.00,315034,7062,107.00,209.00,316.00,209,107,0.00,0.00,0,0
1423930469,eth0,146.00,66.00,212.00,66,146,1.00,1.00,2.00,1,1,0.00,0.00,0,0
1423930469,lo,0.00,0.00,0.00,0,0,0.00,0.00,0.00,0,0,0.00,0.00,0,0
1423930469,s4-eth1,338562.00,7722.00,346284.00,7722,338562,225.00,117.00,342.00,117,225,0.00,0.00,0,0
1423930469,s4-eth2,7656.00,338562.00,346218.00,338562,7656,116.00,225.00,341.00,225,116,0.00,0.00,0,0
1423930469,total,3278230.00,3297258.00,6575488.00,3297258,3278230,3235.00,3249.00,6484.00,3249,3235,0.00,0.00,0,0
1423930470,s1-eth1,1249964.00,28978.00,1278942.00,28978,1249964,834.00,439.00,1273.00,439,834,0.00,0.00,0,0
1423930470,s1-eth3,22376.00,988738.00,1011114.00,988738,22376,340.00,663.00,1003.00,663,340,0.00,0.00,0,0
1423930470,s1-eth2,7228.00,301604.00,308832.00,301604,7228,110.00,204.00,314.00,204,110,0.00,0.00,0,0
1423930470,s2-eth1,988738.00,22376.00,1011114.00,22376,988738,663.00,340.00,1003.00,340,663,0.00,0.00,0,0
1423930470,s2-eth3,15516.00,672072.00,687588.00,672072,15516,236.00,452.00,688.00,452,236,0.00,0.00,0,0
1423930470,s2-eth2,7534.00,315320.00,322854.00,315320,7534,115.00,214.00,329.00,214,115,0.00,0.00,0,0
1423930470,s3-eth1,672072.00,15516.00,687588.00,15516,672072,452.00,236.00,688.00,236,452,0.00,0.00,0,0
1423930470,s3-eth3,7690.00,321286.00,328976.00,321286,7690,117.00,217.00,334.00,217,117,0.00,0.00,0,0
1423930470,s3-eth2,8350.00,350870.00,359220.00,350870,8350,127.00,237.00,364.00,237,127,0.00,0.00,0,0
1423930470,eth0,146.00,66.00,212.00,66,146,1.00,1.00,2.00,1,1,0.00,0.00,0,0
1423930470,lo,14840.00,14840.00,29680.00,14840,14840,146.00,146.00,292.00,146,146,0.00,0.00,0,0
1423930470,s4-eth1,321286.00,7690.00,328976.00,7690,321286,217.00,117.00,334.00,117,217,0.00,0.00,0,0
1423930470,s4-eth2,7756.00,321286.00,329042.00,321286,7756,118.00,217.00,335.00,217,118,0.00,0.00,0,0
1423930470,total,3323496.00,3360642.00,6684138.00,3360642,3323496,3476.00,3483.00,6959.00,3483,3476,0.00,0.00,0,0
1423930471,s1-eth1,1251198.00,33140.00,1284338.00,33140,1251198,831.00,478.00,1309.00,478,831,0.00,0.00,0,0
1423930471,s1-eth3,25522.00,1057162.00,1082684.00,1057162,25522,369.00,701.00,1070.00,701,369,0.00,0.00,0,0
1423930471,s1-eth2,7680.00,309674.00,317354.00,309674,7680,110.00,205.00,315.00,205,110,0.00,0.00,0,0
1423930471,s2-eth1,1057162.00,25522.00,1082684.00,25522,1057162,701.00,369.00,1070.00,369,701,0.00,0.00,0,0
1423930471,s2-eth3,16774.00,713362.00,730136.00,713362,16774,245.00,473.00,718.00,473,245,0.00,0.00,0,0
1423930471,s2-eth2,8760.00,343800.00,352560.00,343800,8760,124.00,228.00,352.00,228,124,0.00,0.00,0,0
1423930471,s3-eth1,713362.00,16774.00,730136.00,16774,713362,473.00,245.00,718.00,245,473,0.00,0.00,0,0
1423930471,s3-eth3,9006.00,377860.00,386866.00,377860,9006,133.00,250.00,383.00,250,133,0.00,0.00,0,0
1423930471,s3-eth2,7780.00,338530.00,346310.00,338530,7780,112.00,225.00,337.00,225,112,0.00,0.00,0,0
1423930471,eth0,236.00,248.00,484.00,248,236,2.00,3.00,5.00,3,2,0.00,0.00,0,0
1423930471,lo,1152.00,1152.00,2304.00,1152,1152,12.00,12.00,24.00,12,12,0.00,0.00,0,0
1423930471,s4-eth1,377860.00,9006.00,386866.00,9006,377860,250.00,133.00,383.00,133,250,0.00,0.00,0,0
1423930471,s4-eth2,8928.00,379374.00,388302.00,379374,8928,132.00,251.00,383.00,251,132,0.00,0.00,0,0
1423930471,total,3485420.00,3605604.00,7091024.00,3605604,3485420,3494.00,3573.00,7067.00,3573,3494,0.00,0.00,0,0
1423930472,s1-eth1,1250776.00,42012.00,1292788.00,42012,1250776,828.00,568.00,1396.00,568,828,0.00,0.00,0,0
1423930472,s1-eth3,37494.00,1091716.00,1129210.00,1091716,37494,517.00,722.00,1239.00,722,517,0.00,0.00,0,0
1423930472,s1-eth2,4726.00,50052.00,54778.00,50052,4726,53.00,34.00,87.00,34,53,0.00,0.00,0,0
1423930472,s2-eth1,1091716.00,37494.00,1129210.00,37494,1091716,722.00,517.00,1239.00,517,722,0.00,0.00,0,0
1423930472,s2-eth3,24786.00,767080.00,791866.00,767080,24786,341.00,508.00,849.00,508,341,0.00,0.00,0,0
1423930472,s2-eth2,12966.00,433822.00,446788.00,433822,12966,179.00,287.00,466.00,287,179,0.00,0.00,0,0
1423930472,s3-eth1,767080.00,24786.00,791866.00,24786,767080,508.00,341.00,849.00,341,508,0.00,0.00,0,0
1423930472,s3-eth3,12582.00,377804.00,390386.00,377804,12582,179.00,250.00,429.00,250,179,0.00,0.00,0,0
1423930472,s3-eth2,12462.00,386248.00,398710.00,386248,12462,165.00,256.00,421.00,256,165,0.00,0.00,0,0
1423930472,eth0,146.00,158.00,304.00,158,146,1.00,2.00,3.00,2,1,0.00,0.00,0,0
1423930472,lo,2304.00,2304.00,4608.00,2304,2304,24.00,24.00,48.00,24,24,0.00,0.00,0,0
1423930472,s4-eth1,377804.00,12582.00,390386.00,12582,377804,250.00,179.00,429.00,179,250,0.00,0.00,0,0
1423930472,s4-eth2,12660.00,376290.00,388950.00,376290,12660,180.00,249.00,429.00,249,180,0.00,0.00,0,0
1423930472,total,3607502.00,3602348.00,7209850.00,3602348,3607502,3947.00,3937.00,7884.00,3937,3947,0.00,0.00,0,0
1423930473,s1-eth1,1248797.25,30619.38,1279416.62,30650,1250046,826.17,450.55,1276.72,451,827,0.00,0.00,0,0
1423930473,s1-eth3,25456.54,1135706.38,1161162.88,1136842,25482,376.62,752.25,1128.87,753,377,0.00,0.00,0,0
1423930473,s1-eth2,5134.87,220823.19,225958.05,221044,5140,73.93,145.85,219.78,146,74,0.00,0.00,0,0
1423930473,s2-eth1,1135706.38,25456.54,1161162.88,25482,1136842,752.25,376.62,1128.87,377,753,0.00,0.00,0,0
1423930473,s2-eth3,16351.65,714127.88,730479.56,714842,16368,243.76,472.53,716.28,473,244,0.00,0.00,0,0
1423930473,s2-eth2,9104.90,312501.50,321606.41,312814,9114,132.87,206.79,339.66,207,133,0.00,0.00,0,0
1423930473,s3-eth1,714127.88,16351.65,730479.56,16368,714842,472.53,243.76,716.28,244,473,0.00,0.00,0,0
1423930473,s3-eth3,8807.19,383588.44,392395.62,383972,8816,129.87,253.75,383.62,254,130,0.00,0.00,0,0
1423930473,s3-eth2,7450.55,330539.47,337990.03,330870,7458,112.89,218.78,331.67,219,113,0.00,0.00,0,0
1423930473,eth0,205.79,277.72,483.52,278,206,2.00,4.00,5.99,4,2,0.00,0.00,0,0
1423930473,lo,0.00,0.00,0.00,0,0,0.00,0.00,0.00,0,0,0.00,0.00,0,0
1423930473,s4-eth1,383588.44,8807.19,392395.62,8816,383972,253.75,129.87,383.62,130,254,0.00,0.00,0,0
1423930473,s4-eth2,8807.19,383588.44,392395.62,383972,8816,129.87,253.75,383.62,254,130,0.00,0.00,0,0
1423930473,total,3563538.50,3562387.75,7125926.50,3565950,3567102,3506.49,3508.49,7014.99,3512,3510,0.00,0.00,0,0
1423930474,s1-eth1,1251524.00,35264.00,1286788.00,35264,1251524,834.00,494.00,1328.00,494,834,0.00,0.00,0,0
1423930474,s1-eth3,28332.00,1039148.00,1067480.00,1039148,28332,400.00,692.00,1092.00,692,400,0.00,0.00,0,0
1423930474,s1-eth2,7466.00,228684.00,236150.00,228684,7466,101.00,152.00,253.00,152,101,0.00,0.00,0,0
1423930474,s2-eth1,1039148.00,28332.00,1067480.00,28332,1039148,692.00,400.00,1092.00,400,692,0.00,0.00,0,0
1423930474,s2-eth3,20224.00,730222.00,750446.00,730222,20224,282.00,487.00,769.00,487,282,0.00,0.00,0,0
1423930474,s2-eth2,8482.00,311954.00,320436.00,311954,8482,123.00,207.00,330.00,207,123,0.00,0.00,0,0
1423930474,s3-eth1,730222.00,20224.00,750446.00,20224,730222,487.00,282.00,769.00,282,487,0.00,0.00,0,0
1423930474,s3-eth3,11148.00,318100.00,329248.00,318100,11148,144.00,212.00,356.00,212,144,0.00,0.00,0,0
1423930474,s3-eth2,9610.00,412122.00,421732.00,412122,9610,145.00,275.00,420.00,275,145,0.00,0.00,0,0
1423930474,eth0,146.00,518.00,664.00,518,146,1.00,8.00,9.00,8,1,0.00,0.00,0,0
1423930474,lo,6304.00,6304.00,12608.00,6304,6304,68.00,68.00,136.00,68,68,0.00,0.00,0,0
1423930474,s4-eth1,318100.00,11148.00,329248.00,11148,318100,212.00,144.00,356.00,144,212,0.00,0.00,0,0
1423930474,s4-eth2,11148.00,321128.00,332276.00,321128,11148,144.00,214.00,358.00,214,144,0.00,0.00,0,0
1423930474,total,3441854.00,3463148.00,6905002.00,3463148,3441854,3633.00,3635.00,7268.00,3635,3633,0.00,0.00,0,0
1423930475,s1-eth1,1249436.62,27956.04,1277392.62,27984,1250686,826.17,423.58,1249.75,424,827,0.00,0.00,0,0
1423930475,s1-eth3,22945.05,1042459.56,1065404.62,1043502,22968,347.65,690.31,1037.96,691,348,0.00,0.00,0,0
1423930475,s1-eth2,5010.99,228385.62,233396.61,228614,5016,75.92,150.85,226.77,151,76,0.00,0.00,0,0
1423930475,s2-eth1,1042459.56,22945.05,1065404.62,22968,1043502,690.31,347.65,1037.96,348,691,0.00,0.00,0,0
1423930475,s2-eth3,16681.32,750549.50,767230.81,751300,16698,252.75,497.50,750.25,498,253,0.00,0.00,0,0
1423930475,s2-eth2,6263.74,288885.12,295148.84,289174,6270,94.91,190.81,285.71,191,95,0.00,0.00,0,0
1423930475,s3-eth1,750549.50,16681.32,767230.81,16698,751300,497.50,252.75,750.25,253,498,0.00,0.00,0,0
1423930475,s3-eth3,8307.69,379050.97,387358.66,379430,8316,125.87,250.75,376.62,251,126,0.00,0.00,0,0
1423930475,s3-eth2,8373.63,371498.50,379872.12,371870,8382,126.87,246.75,373.63,247,127,0.00,0.00,0,0
1423930475,eth0,145.85,425.57,571.43,426,146,1.00,6.99,7.99,7,1,0.00,0.00,0,0
1423930475,lo,0.00,0.00,0.00,0,0,0.00,0.00,0.00,0,0,0.00,0.00,0,0
1423930475,s4-eth1,379050.97,8307.69,387358.66,8316,379430,250.75,125.87,376.62,126,251,0.00,0.00,0,0
1423930475,s4-eth2,8241.76,379050.97,387292.72,379430,8250,124.88,250.75,375.62,251,125,0.00,0.00,0,0
1423930475,total,3497466.75,3516196.00,7013662.50,3519712,3500964,3414.59,3434.57,6849.15,3438,3418,0.00,0.00,0,0
1423930476,s1-eth1,1250920.00,27918.00,1278838.00,27918,1250920,828.00,423.00,1251.00,423,828,0.00,0.00,0,0
1423930476,s1-eth3,22902.00,1020558.00,1043460.00,1020558,22902,347.00,675.00,1022.00,675,347,0.00,0.00,0,0
1423930476,s1-eth2,5016.00,224072.00,229088.00,224072,5016,76.00,148.00,224.00,148,76,0.00,0.00,0,0
1423930476,s2-eth1,1020558.00,22902.00,1043460.00,22902,1020558,675.00,347.00,1022.00,347,675,0.00,0.00,0,0
1423930476,s2-eth3,16302.00,726842.00,743144.00,726842,16302,247.00,481.00,728.00,481,247,0.00,0.00,0,0
1423930476,s2-eth2,6666.00,296744.00,303410.00,296744,6666,101.00,196.00,297.00,196,101,0.00,0.00,0,0
1423930476,s3-eth1,726842.00,16302.00,743144.00,16302,726842,481.00,247.00,728.00,247,481,0.00,0.00,0,0
1423930476,s3-eth3,8778.00,393640.00,402418.00,393640,8778,133.00,260.00,393.00,260,133,0.00,0.00,0,0
1423930476,s3-eth2,7458.00,333202.00,340660.00,333202,7458,113.00,221.00,334.00,221,113,0.00,0.00,0,0
1423930476,eth0,326.00,426.00,752.00,426,326,3.00,6.00,9.00,6,3,0.00,0.00,0,0
1423930476,lo,0.00,0.00,0.00,0,0,0.00,0.00,0.00,0,0,0.00,0.00,0,0
1423930476,s4-eth1,393640.00,8778.00,402418.00,8778,393640,260.00,133.00,393.00,133,260,0.00,0.00,0,0
1423930476,s4-eth2,8844.00,393640.00,402484.00,393640,8844,134.00,260.00,394.00,260,134,0.00,0.00,0,0
1423930476,total,3468252.00,3465024.00,6933276.00,3465024,3468252,3398.00,3397.00,6795.00,3397,3398,0.00,0.00,0,0
1423930477,s1-eth1,1250309.75,27626.38,1277936.12,27654,1251560,827.17,418.58,1245.75,419,828,0.00,0.00,0,0
1423930477,s1-eth3,22615.38,1026583.44,1049198.88,1027610,22638,342.66,680.32,1022.98,681,343,0.00,0.00,0,0
1423930477,s1-eth2,4945.06,229898.11,234843.16,230128,4950,74.93,151.85,226.77,152,75,0.00,0.00,0,0
1423930477,s2-eth1,1026583.44,22615.38,1049198.88,22638,1027610,680.32,342.66,1022.98,343,681,0.00,0.00,0,0
1423930477,s2-eth3,15956.04,730135.88,746091.94,730866,15972,241.76,484.52,726.27,485,242,0.00,0.00,0,0
1423930477,s2-eth2,6593.41,293422.59,300016.00,293716,6600,99.90,193.81,293.71,194,100,0.00,0.00,0,0
1423930477,s3-eth1,730135.88,15956.04,746091.94,15972,730866,484.52,241.76,726.27,242,485,0.00,0.00,0,0
1423930477,s3-eth3,7714.29,352587.44,360301.72,352940,7722,116.88,233.77,350.65,234,117,0.00,0.00,0,0
1423930477,s3-eth2,8307.69,377548.47,385856.16,377926,8316,125.87,250.75,376.62,251,126,0.00,0.00,0,0
1423930477,eth0,145.85,277.72,423.58,278,146,1.00,4.00,5.00,4,1,0.00,0.00,0,0
1423930477,lo,0.00,0.00,0.00,0,0,0.00,0.00,0.00,0,0,0.00,0.00,0,0
1423930477,s4-eth1,352587.44,7714.29,360301.72,7722,352940,233.77,116.88,350.65,117,234,0.00,0.00,0,0
1423930477,s4-eth2,7714.29,349562.44,357276.72,349912,7722,116.88,231.77,348.65,232,117,0.00,0.00,0,0
1423930477,total,3433608.50,3433928.25,6867536.50,3437362,3437042,3345.65,3350.65,6696.30,3354,3349,0.00,0.00,0,0
1423930478,s1-eth1,1250808.00,27456.00,1278264.00,27456,1250808,828.00,416.00,1244.00,416,828,0.00,0.00,0,0
1423930478,s1-eth3,22308.00,1020040.00,1042348.00,1020040,22308,338.00,676.00,1014.00,676,338,0.00,0.00,0,0
1423930478,s1-eth2,5148.00,237698.00,242846.00,237698,5148,78.00,157.00,235.00,157,78,0.00,0.00,0,0
1423930478,s2-eth1,1020040.00,22308.00,1042348.00,22308,1020040,676.00,338.00,1014.00,338,676,0.00,0.00,0,0
1423930478,s2-eth3,14916.00,677876.00,692792.00,677876,14916,226.00,450.00,676.00,450,226,0.00,0.00,0,0
1423930478,s2-eth2,7458.00,342164.00,349622.00,342164,7458,113.00,226.00,339.00,226,113,0.00,0.00,0,0
1423930478,s3-eth1,677876.00,14916.00,692792.00,14916,677876,450.00,226.00,676.00,226,450,0.00,0.00,0,0
1423930478,s3-eth3,7392.00,337800.00,345192.00,337800,7392,112.00,224.00,336.00,224,112,0.00,0.00,0,0
1423930478,s3-eth2,7524.00,340076.00,347600.00,340076,7524,114.00,226.00,340.00,226,114,0.00,0.00,0,0
1423930478,eth0,146.00,158.00,304.00,158,146,1.00,2.00,3.00,2,1,0.00,0.00,0,0
1423930478,lo,688.00,688.00,1376.00,688,688,12.00,12.00,24.00,12,12,0.00,0.00,0,0
1423930478,s4-eth1,337800.00,7392.00,345192.00,7392,337800,224.00,112.00,336.00,112,224,0.00,0.00,0,0
1423930478,s4-eth2,7392.00,337800.00,345192.00,337800,7392,112.00,224.00,336.00,224,112,0.00,0.00,0,0
1423930478,total,3359496.00,3366372.00,6725868.00,3366372,3359496,3284.00,3289.00,6573.00,3289,3284,0.00,0.00,0,0
1423930479,s1-eth1,1252018.00,34634.00,1286652.00,34634,1252018,829.00,491.00,1320.00,491,829,0.00,0.00,0,0
1423930479,s1-eth3,27368.00,1045118.00,1072486.00,1045118,27368,388.00,691.00,1079.00,691,388,0.00,0.00,0,0
1423930479,s1-eth2,7266.00,224072.00,231338.00,224072,7266,103.00,148.00,251.00,148,103,0.00,0.00,0,0
1423930479,s2-eth1,1045118.00,27368.00,1072486.00,27368,1045118,691.00,388.00,1079.00,388,691,0.00,0.00,0,0
1423930479,s2-eth3,20240.00,715426.00,735666.00,715426,20240,280.00,473.00,753.00,473,280,0.00,0.00,0,0
1423930479,s2-eth2,7128.00,331206.00,338334.00,331206,7128,108.00,219.00,327.00,219,108,0.00,0.00,0,0
1423930479,s3-eth1,715426.00,20240.00,735666.00,20240,715426,473.00,280.00,753.00,280,473,0.00,0.00,0,0
1423930479,s3-eth3,7854.00,366388.00,374242.00,366388,7854,119.00,242.00,361.00,242,119,0.00,0.00,0,0
1423930479,s3-eth2,12320.00,349038.00,361358.00,349038,12320,160.00,231.00,391.00,231,160,0.00,0.00,0,0
1423930479,eth0,236.00,158.00,394.00,158,236,2.00,2.00,4.00,2,2,0.00,0.00,0,0
1423930479,lo,0.00,0.00,0.00,0,0,0.00,0.00,0.00,0,0,0.00,0.00,0,0
1423930479,s4-eth1,366388.00,7854.00,374242.00,7854,366388,242.00,119.00,361.00,119,242,0.00,0.00,0,0
1423930479,s4-eth2,7854.00,369416.00,377270.00,369416,7854,119.00,244.00,363.00,244,119,0.00,0.00,0,0
1423930479,total,3469216.00,3490918.00,6960134.00,3490918,3469216,3514.00,3528.00,7042.00,3528,3514,0.00,0.00,0,0
1423930480,s1-eth1,1249350.00,34710.00,1284060.00,34710,1249350,827.00,499.00,1326.00,499,827,0.00,0.00,0,0
1423930480,s1-eth3,28350.00,1030638.00,1058988.00,1030638,28350,409.00,683.00,1092.00,683,409,0.00,0.00,0,0
1423930480,s1-eth2,6426.00,187736.00,194162.00,187736,6426,91.00,124.00,215.00,124,91,0.00,0.00,0,0
1423930480,s2-eth1,1030638.00,28350.00,1058988.00,28350,1030638,683.00,409.00,1092.00,409,683,0.00,0.00,0,0
1423930480,s2-eth3,19770.00,655806.00,675576.00,655806,19770,279.00,435.00,714.00,435,279,0.00,0.00,0,0
1423930480,s2-eth2,8514.00,373318.00,381832.00,373318,8514,129.00,247.00,376.00,247,129,0.00,0.00,0,0
1423930480,s3-eth1,655806.00,19770.00,675576.00,19770,655806,435.00,279.00,714.00,279,435,0.00,0.00,0,0
1423930480,s3-eth3,10794.00,243754.00,254548.00,243754,10794,143.00,161.00,304.00,161,143,0.00,0.00,0,0
1423930480,s3-eth2,9042.00,412052.00,421094.00,412052,9042,137.00,274.00,411.00,274,137,0.00,0.00,0,0
1423930480,eth0,146.00,156.00,302.00,156,146,1.00,2.00,3.00,2,1,0.00,0.00,0,0
1423930480,lo,0.00,0.00,0.00,0,0,0.00,0.00,0.00,0,0,0.00,0.00,0,0
1423930480,s4-eth1,243754.00,10794.00,254548.00,10794,243754,161.00,143.00,304.00,143,161,0.00,0.00,0,0
1423930480,s4-eth2,10794.00,240726.00,251520.00,240726,10794,143.00,159.00,302.00,159,143,0.00,0.00,0,0
1423930480,total,3273384.00,3237810.00,6511194.00,3237810,3273384,3438.00,3415.00,6853.00,3415,3438,0.00,0.00,0,0
1423930481,s1-eth1,1251626.00,27786.00,1279412.00,27786,1251626,829.00,421.00,1250.00,421,829,0.00,0.00,0,0
1423930481,s1-eth3,23760.00,1091142.00,1114902.00,1091142,23760,360.00,723.00,1083.00,723,360,0.00,0.00,0,0
1423930481,s1-eth2,3960.00,183194.00,187154.00,183194,3960,60.00,121.00,181.00,121,60,0.00,0.00,0,0
1423930481,s2-eth1,1091142.00,23760.00,1114902.00,23760,1091142,723.00,360.00,1083.00,360,723,0.00,0.00,0,0
1423930481,s2-eth3,15246.00,694352.00,709598.00,694352,15246,231.00,460.00,691.00,460,231,0.00,0.00,0,0
1423930481,s2-eth2,8514.00,407388.00,415902.00,407388,8514,129.00,270.00,399.00,270,129,0.00,0.00,0,0
1423930481,s3-eth1,694352.00,15246.00,709598.00,15246,694352,460.00,231.00,691.00,231,460,0.00,0.00,0,0
1423930481,s3-eth3,6336.00,292202.00,298538.00,292202,6336,96.00,193.00,289.00,193,96,0.00,0.00,0,0
1423930481,s3-eth2,8910.00,402150.00,411060.00,402150,8910,135.00,267.00,402.00,267,135,0.00,0.00,0,0
1423930481,eth0,146.00,278.00,424.00,278,146,1.00,4.00,5.00,4,1,0.00,0.00,0,0
1423930481,lo,0.00,0.00,0.00,0,0,0.00,0.00,0.00,0,0,0.00,0.00,0,0
1423930481,s4-eth1,292202.00,6336.00,298538.00,6336,292202,193.00,96.00,289.00,96,193,0.00,0.00,0,0
1423930481,s4-eth2,6336.00,292202.00,298538.00,292202,6336,96.00,193.00,289.00,193,96,0.00,0.00,0,0
1423930481,total,3402530.00,3436036.00,6838566.00,3436036,3402530,3313.00,3339.00,6652.00,3339,3313,0.00,0.00,0,0
1423930482,s1-eth1,1250112.00,32624.00,1282736.00,32624,1250112,828.00,470.00,1298.00,470,828,0.00,0.00,0,0
1423930482,s1-eth3,28400.00,987494.00,1015894.00,987494,28400,406.00,655.00,1061.00,655,406,0.00,0.00,0,0
1423930482,s1-eth2,4224.00,193792.00,198016.00,193792,4224,64.00,128.00,192.00,128,64,0.00,0.00,0,0
1423930482,s2-eth1,987494.00,28400.00,1015894.00,28400,987494,655.00,406.00,1061.00,406,655,0.00,0.00,0,0
1423930482,s2-eth3,16762.00,610264.00,627026.00,610264,16762,243.00,404.00,647.00,404,243,0.00,0.00,0,0
1423930482,s2-eth2,11704.00,366632.00,378336.00,366632,11704,164.00,244.00,408.00,244,164,0.00,0.00,0,0
1423930482,s3-eth1,610264.00,16762.00,627026.00,16762,610264,404.00,243.00,647.00,243,404,0.00,0.00,0,0
1423930482,s3-eth3,6468.00,295230.00,301698.00,295230,6468,98.00,195.00,293.00,195,98,0.00,0.00,0,0
1423930482,s3-eth2,10228.00,315034.00,325262.00,315034,10228,144.00,209.00,353.00,209,144,0.00,0.00,0,0
1423930482,eth0,268.00,867.00,1135.00,867,268,3.00,9.00,12.00,9,3,0.00,0.00,0,0
1423930482,lo,0.00,0.00,0.00,0,0,0.00,0.00,0.00,0,0,0.00,0.00,0,0
1423930482,s4-eth1,295230.00,6468.00,301698.00,6468,295230,195.00,98.00,293.00,98,195,0.00,0.00,0,0
1423930482,s4-eth2,6468.00,295230.00,301698.00,295230,6468,98.00,195.00,293.00,195,98,0.00,0.00,0,0
1423930482,total,3227622.00,3148797.00,6376419.00,3148797,3227622,3302.00,3256.00,6558.00,3256,3302,0.00,0.00,0,0
1423930483,s1-eth1,1249990.00,34612.00,1284602.00,34612,1249990,827.00,496.00,1323.00,496,827,0.00,0.00,0,0
1423930483,s1-eth3,29116.00,1183252.00,1212368.00,1183252,29116,418.00,782.00,1200.00,782,418,0.00,0.00,0,0
1423930483,s1-eth2,5496.00,166540.00,172036.00,166540,5496,78.00,110.00,188.00,110,78,0.00,0.00,0,0
1423930483,s2-eth1,1183252.00,29116.00,1212368.00,29116,1183252,782.00,418.00,1200.00,418,782,0.00,0.00,0,0
1423930483,s2-eth3,17678.00,739650.00,757328.00,739650,17678,259.00,489.00,748.00,489,259,0.00,0.00,0,0
1423930483,s2-eth2,11438.00,443602.00,455040.00,443602,11438,159.00,293.00,452.00,293,159,0.00,0.00,0,0
1423930483,s3-eth1,739650.00,17678.00,757328.00,17678,739650,489.00,259.00,748.00,259,489,0.00,0.00,0,0
1423930483,s3-eth3,7590.00,343678.00,351268.00,343678,7590,115.00,227.00,342.00,227,115,0.00,0.00,0,0
1423930483,s3-eth2,10154.00,395972.00,406126.00,395972,10154,145.00,262.00,407.00,262,145,0.00,0.00,0,0
1423930483,eth0,146.00,646.00,792.00,646,146,1.00,5.00,6.00,5,1,0.00,0.00,0,0
1423930483,lo,688.00,688.00,1376.00,688,688,12.00,12.00,24.00,12,12,0.00,0.00,0,0
1423930483,s4-eth1,343678.00,7590.00,351268.00,7590,343678,227.00,115.00,342.00,115,227,0.00,0.00,0,0
1423930483,s4-eth2,7590.00,343678.00,351268.00,343678,7590,115.00,227.00,342.00,227,115,0.00,0.00,0,0
1423930483,total,3606466.00,3706702.00,7313168.00,3706702,3606466,3627.00,3695.00,7322.00,3695,3627,0.00,0.00,0,0
1423930484,s1-eth1,1251560.00,37924.00,1289484.00,37924,1251560,828.00,528.00,1356.00,528,828,0.00,0.00,0,0
1423930484,s1-eth3,32764.00,1081992.00,1114756.00,1081992,32764,460.00,716.00,1176.00,716,460,0.00,0.00,0,0
1423930484,s1-eth2,5226.00,133232.00,138458.00,133232,5226,69.00,88.00,157.00,88,69,0.00,0.00,0,0
1423930484,s2-eth1,1081992.00,32764.00,1114756.00,32764,1081992,716.00,460.00,1176.00,460,716,0.00,0.00,0,0
1423930484,s2-eth3,17826.00,667674.00,685500.00,667674,17826,261.00,441.00,702.00,441,261,0.00,0.00,0,0
1423930484,s2-eth2,14872.00,417346.00,432218.00,417346,14872,198.00,277.00,475.00,277,198,0.00,0.00,0,0
1423930484,s3-eth1,667674.00,17826.00,685500.00,17826,667674,441.00,261.00,702.00,261,441,0.00,0.00,0,0
1423930484,s3-eth3,8850.00,261922.00,270772.00,261922,8850,125.00,173.00,298.00,173,125,0.00,0.00,0,0
1423930484,s3-eth2,8976.00,405752.00,414728.00,405752,8976,136.00,268.00,404.00,268,136,0.00,0.00,0,0
1423930484,eth0,146.00,1018.00,1164.00,1018,146,1.00,13.00,14.00,13,1,0.00,0.00,0,0
1423930484,lo,0.00,0.00,0.00,0,0,0.00,0.00,0.00,0,0,0.00,0.00,0,0
1423930484,s4-eth1,261922.00,8850.00,270772.00,8850,261922,173.00,125.00,298.00,125,173,0.00,0.00,0,0
1423930484,s4-eth2,8850.00,261922.00,270772.00,261922,8850,125.00,173.00,298.00,173,125,0.00,0.00,0,0
1423930484,total,3360658.00,3328222.00,6688880.00,3328222,3360658,3533.00,3523.00,7056.00,3523,3533,0.00,0.00,0,0
1423930485,s1-eth1,1250102.00,27654.00,1277756.00,27654,1250102,827.00,419.00,1246.00,419,827,0.00,0.00,0,0
1423930485,s1-eth3,24288.00,1122230.00,1146518.00,1122230,24288,368.00,743.00,1111.00,743,368,0.00,0.00,0,0
1423930485,s1-eth2,3300.00,151400.00,154700.00,151400,3300,50.00,100.00,150.00,100,50,0.00,0.00,0,0
1423930485,s2-eth1,1122230.00,24288.00,1146518.00,24288,1122230,743.00,368.00,1111.00,368,743,0.00,0.00,0,0
1423930485,s2-eth3,15444.00,711936.00,727380.00,711936,15444,234.00,472.00,706.00,472,234,0.00,0.00,0,0
1423930485,s2-eth2,8910.00,410294.00,419204.00,410294,8910,135.00,271.00,406.00,271,135,0.00,0.00,0,0
1423930485,s3-eth1,711936.00,15444.00,727380.00,15444,711936,472.00,234.00,706.00,234,472,0.00,0.00,0,0
1423930485,s3-eth3,6534.00,308856.00,315390.00,308856,6534,99.00,204.00,303.00,204,99,0.00,0.00,0,0
1423930485,s3-eth2,8910.00,403080.00,411990.00,403080,8910,135.00,268.00,403.00,268,135,0.00,0.00,0,0
1423930485,eth0,208.00,800.00,1008.00,800,208,2.00,11.00,13.00,11,2,0.00,0.00,0,0
1423930485,lo,0.00,0.00,0.00,0,0,0.00,0.00,0.00,0,0,0.00,0.00,0,0
1423930485,s4-eth1,308856.00,6534.00,315390.00,6534,308856,204.00,99.00,303.00,99,204,0.00,0.00,0,0
1423930485,s4-eth2,6534.00,308856.00,315390.00,308856,6534,99.00,204.00,303.00,204,99,0.00,0.00,0,0
1423930485,total,3467252.00,3491372.00,6958624.00,3491372,3467252,3368.00,3393.00,6761.00,3393,3368,0.00,0.00,0,0
1423930486,s1-eth1,1251504.00,27786.00,1279290.00,27786,1251504,828.00,421.00,1249.00,421,828,0.00,0.00,0,0
1423930486,s1-eth3,24948.00,1126538.00,1151486.00,1126538,24948,378.00,745.00,1123.00,745,378,0.00,0.00,0,0
1423930486,s1-eth2,2904.00,133232.00,136136.00,133232,2904,44.00,88.00,132.00,88,44,0.00,0.00,0,0
1423930486,s2-eth1,1126538.00,24948.00,1151486.00,24948,1126538,745.00,378.00,1123.00,378,745,0.00,0.00,0,0
1423930486,s2-eth3,15378.00,693534.00,708912.00,693534,15378,233.00,459.00,692.00,459,233,0.00,0.00,0,0
1423930486,s2-eth2,9504.00,433004.00,442508.00,433004,9504,144.00,286.00,430.00,286,144,0.00,0.00,0,0
1423930486,s3-eth1,693534.00,15378.00,708912.00,15378,693534,459.00,233.00,692.00,233,459,0.00,0.00,0,0
1423930486,s3-eth3,6402.00,290688.00,297090.00,290688,6402,97.00,192.00,289.00,192,97,0.00,0.00,0,0
1423930486,s3-eth2,8976.00,402846.00,411822.00,402846,8976,136.00,267.00,403.00,267,136,0.00,0.00,0,0
1423930486,eth0,208.00,1014.00,1222.00,1014,208,2.00,11.00,13.00,11,2,0.00,0.00,0,0
1423930486,lo,0.00,0.00,0.00,0,0,0.00,0.00,0.00,0,0,0.00,0.00,0,0
1423930486,s4-eth1,290688.00,6402.00,297090.00,6402,290688,192.00,97.00,289.00,97,192,0.00,0.00,0,0
1423930486,s4-eth2,6402.00,290688.00,297090.00,290688,6402,97.00,192.00,289.00,192,97,0.00,0.00,0,0
1423930486,total,3436986.00,3446058.00,6883044.00,3446058,3436986,3355.00,3369.00,6724.00,3369,3355,0.00,0.00,0,0
1423930487,s1-eth1,1250564.00,27654.00,1278218.00,27654,1250564,826.00,419.00,1245.00,419,826,0.00,0.00,0,0
1423930487,s1-eth3,24420.00,1100678.00,1125098.00,1100678,24420,370.00,727.00,1097.00,727,370,0.00,0.00,0,0
1423930487,s1-eth2,3168.00,146858.00,150026.00,146858,3168,48.00,97.00,145.00,97,48,0.00,0.00,0,0
1423930487,s2-eth1,1100678.00,24420.00,1125098.00,24420,1100678,727.00,370.00,1097.00,370,727,0.00,0.00,0,0
1423930487,s2-eth3,14520.00,655562.00,670082.00,655562,14520,220.00,433.00,653.00,433,220,0.00,0.00,0,0
1423930487,s2-eth2,9900.00,445116.00,455016.00,445116,9900,150.00,294.00,444.00,294,150,0.00,0.00,0,0
1423930487,s3-eth1,655562.00,14520.00,670082.00,14520,655562,433.00,220.00,653.00,220,433,0.00,0.00,0,0
1423930487,s3-eth3,6600.00,298258.00,304858.00,298258,6600,100.00,197.00,297.00,197,100,0.00,0.00,0,0
1423930487,s3-eth2,7920.00,360332.00,368252.00,360332,7920,120.00,238.00,358.00,238,120,0.00,0.00,0,0
1423930487,eth0,146.00,310.00,456.00,310,146,1.00,4.00,5.00,4,1,0.00,0.00,0,0
1423930487,lo,0.00,0.00,0.00,0,0,0.00,0.00,0.00,0,0,0.00,0.00,0,0
1423930487,s4-eth1,298258.00,6600.00,304858.00,6600,298258,197.00,100.00,297.00,100,197,0.00,0.00,0,0
1423930487,s4-eth2,6600.00,298258.00,304858.00,298258,6600,100.00,197.00,297.00,197,100,0.00,0.00,0,0
1423930487,total,3378336.00,3378566.00,6756902.00,3378566,3378336,3292.00,3296.00,6588.00,3296,3292,0.00,0.00,0,0
1423930488,s1-eth1,1250564.00,27720.00,1278284.00,27720,1250564,826.00,420.00,1246.00,420,826,0.00,0.00,0,0
1423930488,s1-eth3,24222.00,1094622.00,1118844.00,1094622,24222,367.00,723.00,1090.00,723,367,0.00,0.00,0,0
1423930488,s1-eth2,3498.00,160484.00,163982.00,160484,3498,53.00,106.00,159.00,106,53,0.00,0.00,0,0
1423930488,s2-eth1,1094622.00,24222.00,1118844.00,24222,1094622,723.00,367.00,1090.00,367,723,0.00,0.00,0,0
1423930488,s2-eth3,14916.00,670702.00,685618.00,670702,14916,226.00,443.00,669.00,443,226,0.00,0.00,0,0
1423930488,s2-eth2,9372.00,420892.00,430264.00,420892,9372,142.00,278.00,420.00,278,142,0.00,0.00,0,0
1423930488,s3-eth1,670702.00,14916.00,685618.00,14916,670702,443.00,226.00,669.00,226,443,0.00,0.00,0,0
1423930488,s3-eth3,6930.00,310370.00,317300.00,310370,6930,105.00,205.00,310.00,205,105,0.00,0.00,0,0
1423930488,s3-eth2,7920.00,360332.00,368252.00,360332,7920,120.00,238.00,358.00,238,120,0.00,0.00,0,0
1423930488,eth0,146.00,310.00,456.00,310,146,1.00,4.00,5.00,4,1,0.00,0.00,0,0
1423930488,lo,688.00,688.00,1376.00,688,688,12.00,12.00,24.00,12,12,0.00,0.00,0,0
1423930488,s4-eth1,310370.00,6930.00,317300.00,6930,310370,205.00,105.00,310.00,105,205,0.00,0.00,0,0
1423930488,s4-eth2,6864.00,310370.00,317234.00,310370,6864,104.00,205.00,309.00,205,104,0.00,0.00,0,0
1423930488,total,3400814.00,3402558.00,6803372.00,3402558,3400814,3327.00,3332.00,6659.00,3332,3327,0.00,0.00,0,0
1423930489,s1-eth1,1249314.75,34393.61,1283708.38,34428,1250564,825.17,487.51,1312.69,488,826,0.00,0.00,0,0
1423930489,s1-eth3,28277.72,1087230.75,1115508.50,1088318,28306,406.59,718.28,1124.88,719,407,0.00,0.00,0,0
1423930489,s1-eth2,6181.82,173936.06,180117.89,174110,6188,81.92,114.89,196.80,115,82,0.00,0.00,0,0
1423930489,s2-eth1,1087230.75,28277.72,1115508.50,28306,1088318,718.28,406.59,1124.88,407,719,0.00,0.00,0,0
1423930489,s2-eth3,17992.01,624657.38,642649.38,625282,18010,250.75,412.59,663.34,413,251,0.00,0.00,0,0
1423930489,s2-eth2,10219.78,468623.38,478843.16,469092,10230,154.85,309.69,464.54,310,155,0.00,0.00,0,0
1423930489,s3-eth1,624657.38,17992.01,642649.38,18010,625282,412.59,250.75,663.34,251,413,0.00,0.00,0,0
1423930489,s3-eth3,7714.29,358459.56,366173.84,358818,7722,116.88,236.76,353.65,237,117,0.00,0.00,0,0
1423930489,s3-eth2,10343.66,263172.84,273516.50,263436,10354,134.87,173.83,308.69,174,135,0.00,0.00,0,0
1423930489,eth0,145.85,337.66,483.52,338,146,1.00,5.00,5.99,5,1,0.00,0.00,0,0
1423930489,lo,0.00,0.00,0.00,0,0,0.00,0.00,0.00,0,0,0.00,0.00,0,0
1423930489,s4-eth1,358459.56,7714.29,366173.84,7722,358818,236.76,116.88,353.65,117,237,0.00,0.00,0,0
1423930489,s4-eth2,7780.22,358459.56,366239.78,358818,7788,117.88,236.76,354.65,237,118,0.00,0.00,0,0
1423930489,total,3408317.75,3423254.75,6831572.50,3426678,3411726,3457.54,3469.53,6927.07,3473,3461,0.00,0.00,0,0
1423930490,s1-eth1,1250438.00,38184.00,1288622.00,38184,1250438,827.00,534.00,1361.00,534,827,0.00,0.00,0,0
1423930490,s1-eth3,33186.00,1065978.00,1099164.00,1065978,33186,463.00,705.00,1168.00,705,463,0.00,0.00,0,0
1423930490,s1-eth2,4932.00,142316.00,147248.00,142316,4932,70.00,94.00,164.00,94,70,0.00,0.00,0,0
1423930490,s2-eth1,1065978.00,33186.00,1099164.00,33186,1065978,705.00,463.00,1168.00,463,705,0.00,0.00,0,0
1423930490,s2-eth3,18718.00,661618.00,680336.00,661618,18718,269.00,437.00,706.00,437,269,0.00,0.00,0,0
1423930490,s2-eth2,14534.00,414958.00,429492.00,414958,14534,195.00,275.00,470.00,275,195,0.00,0.00,0,0
1423930490,s3-eth1,661618.00,18718.00,680336.00,18718,661618,437.00,269.00,706.00,269,437,0.00,0.00,0,0
1423930490,s3-eth3,7656.00,349734.00,357390.00,349734,7656,116.00,231.00,347.00,231,116,0.00,0.00,0,0
1423930490,s3-eth2,11062.00,311884.00,322946.00,311884,11062,153.00,206.00,359.00,206,153,0.00,0.00,0,0
1423930490,eth0,146.00,310.00,456.00,310,146,1.00,4.00,5.00,4,1,0.00,0.00,0,0
1423930490,lo,0.00,0.00,0.00,0,0,0.00,0.00,0.00,0,0,0.00,0.00,0,0
1423930490,s4-eth1,349734.00,7656.00,357390.00,7656,349734,231.00,116.00,347.00,116,231,0.00,0.00,0,0
1423930490,s4-eth2,7590.00,349734.00,357324.00,349734,7590,115.00,231.00,346.00,231,115,0.00,0.00,0,0
1423930490,total,3425592.00,3394276.00,6819868.00,3394276,3425592,3582.00,3565.00,7147.00,3565,3582,0.00,0.00,0,0
1423930491,s1-eth1,1250564.00,27786.00,1278350.00,27786,1250564,826.00,421.00,1247.00,421,826,0.00,0.00,0,0
1423930491,s1-eth3,24354.00,1139434.00,1163788.00,1139434,24354,369.00,753.00,1122.00,753,369,0.00,0.00,0,0
1423930491,s1-eth2,3498.00,154428.00,157926.00,154428,3498,53.00,102.00,155.00,102,53,0.00,0.00,0,0
1423930491,s2-eth1,1139434.00,24354.00,1163788.00,24354,1139434,753.00,369.00,1122.00,369,753,0.00,0.00,0,0
1423930491,s2-eth3,15906.00,727626.00,743532.00,727626,15906,241.00,481.00,722.00,481,241,0.00,0.00,0,0
1423930491,s2-eth2,8382.00,398182.00,406564.00,398182,8382,127.00,263.00,390.00,263,127,0.00,0.00,0,0
1423930491,s3-eth1,727626.00,15906.00,743532.00,15906,727626,481.00,241.00,722.00,241,481,0.00,0.00,0,0
1423930491,s3-eth3,9702.00,441480.00,451182.00,441480,9702,147.00,292.00,439.00,292,147,0.00,0.00,0,0
1423930491,s3-eth2,6204.00,286146.00,292350.00,286146,6204,94.00,189.00,283.00,189,94,0.00,0.00,0,0
1423930491,eth0,146.00,370.00,516.00,370,146,1.00,5.00,6.00,5,1,0.00,0.00,0,0
1423930491,lo,0.00,0.00,0.00,0,0,0.00,0.00,0.00,0,0,0.00,0.00,0,0
1423930491,s4-eth1,441480.00,9702.00,451182.00,9702,441480,292.00,147.00,439.00,147,292,0.00,0.00,0,0
1423930491,s4-eth2,9768.00,441480.00,451248.00,441480,9768,148.00,292.00,440.00,292,148,0.00,0.00,0,0
1423930491,total,3637064.00,3666894.00,7303958.00,3666894,3637064,3532.00,3555.00,7087.00,3555,3532,0.00,0.00,0,0
1423930492,s1-eth1,1251592.00,28338.00,1279930.00,28338,1251592,828.00,427.00,1255.00,427,828,0.00,0.00,0,0
1423930492,s1-eth3,24684.00,1139468.00,1164152.00,1139468,24684,374.00,754.00,1128.00,754,374,0.00,0.00,0,0
1423930492,s1-eth2,3654.00,130204.00,133858.00,130204,3654,53.00,86.00,139.00,86,53,0.00,0.00,0,0
1423930492,s2-eth1,1139468.00,24684.00,1164152.00,24684,1139468,754.00,374.00,1128.00,374,754,0.00,0.00,0,0
1423930492,s2-eth3,15378.00,703436.00,718814.00,703436,15378,233.00,466.00,699.00,466,233,0.00,0.00,0,0
1423930492,s2-eth2,9306.00,433004.00,442310.00,433004,9306,141.00,286.00,427.00,286,141,0.00,0.00,0,0
1423930492,s3-eth1,703436.00,15378.00,718814.00,15378,703436,466.00,233.00,699.00,233,466,0.00,0.00,0,0
1423930492,s3-eth3,7722.00,353702.00,361424.00,353702,7722,117.00,235.00,352.00,235,117,0.00,0.00,0,0
1423930492,s3-eth2,7656.00,349734.00,357390.00,349734,7656,116.00,231.00,347.00,231,116,0.00,0.00,0,0
1423930492,eth0,146.00,208.00,354.00,208,146,1.00,3.00,4.00,3,1,0.00,0.00,0,0
1423930492,lo,0.00,0.00,0.00,0,0,0.00,0.00,0.00,0,0,0.00,0.00,0,0
1423930492,s4-eth1,353702.00,7722.00,361424.00,7722,353702,235.00,117.00,352.00,117,235,0.00,0.00,0,0
1423930492,s4-eth2,7722.00,353702.00,361424.00,353702,7722,117.00,235.00,352.00,235,117,0.00,0.00,0,0
1423930492,total,3524466.00,3539580.00,7064046.00,3539580,3524466,3435.00,3447.00,6882.00,3447,3435,0.00,0.00,0,0
1423930493,s1-eth1,1249462.00,40028.00,1289490.00,40028,1249462,827.00,544.00,1371.00,544,827,0.00,0.00,0,0
1423930493,s1-eth3,35064.00,1112384.00,1147448.00,1112384,35064,476.00,736.00,1212.00,736,476,0.00,0.00,0,0
1423930493,s1-eth2,4898.00,109008.00,113906.00,109008,4898,67.00,72.00,139.00,72,67,0.00,0.00,0,0
1423930493,s2-eth1,1112384.00,35064.00,1147448.00,35064,1112384,736.00,476.00,1212.00,476,736,0.00,0.00,0,0
1423930493,s2-eth3,20502.00,706342.00,726844.00,706342,20502,277.00,467.00,744.00,467,277,0.00,0.00,0,0
1423930493,s2-eth2,14628.00,406042.00,420670.00,406042,14628,200.00,269.00,469.00,269,200,0.00,0.00,0,0
1423930493,s3-eth1,706342.00,20502.00,726844.00,20502,706342,467.00,277.00,744.00,277,467,0.00,0.00,0,0
1423930493,s3-eth3,13374.00,382346.00,395720.00,382346,13374,169.00,253.00,422.00,253,169,0.00,0.00,0,0
1423930493,s3-eth2,7062.00,327024.00,334086.00,327024,7062,107.00,216.00,323.00,216,107,0.00,0.00,0,0
1423930493,eth0,146.00,650.00,796.00,650,146,1.00,8.00,9.00,8,1,0.00,0.00,0,0
1423930493,lo,688.00,688.00,1376.00,688,688,12.00,12.00,24.00,12,12,0.00,0.00,0,0
1423930493,s4-eth1,382346.00,13374.00,395720.00,13374,382346,253.00,169.00,422.00,169,253,0.00,0.00,0,0
1423930493,s4-eth2,13308.00,382346.00,395654.00,382346,13308,168.00,253.00,421.00,253,168,0.00,0.00,0,0
1423930493,total,3560204.00,3535798.00,7096002.00,3535798,3560204,3760.00,3752.00,7512.00,3752,3760,0.00,0.00,0,0
1423930494,s1-eth1,1250686.00,27522.00,1278208.00,27522,1250686,827.00,417.00,1244.00,417,827,0.00,0.00,0,0
1423930494,s1-eth3,25344.00,1176500.00,1201844.00,1176500,25344,384.00,778.00,1162.00,778,384,0.00,0.00,0,0
1423930494,s1-eth2,2178.00,96896.00,99074.00,96896,2178,33.00,64.00,97.00,64,33,0.00,0.00,0,0
1423930494,s2-eth1,1176500.00,25344.00,1201844.00,25344,1176500,778.00,384.00,1162.00,384,778,0.00,0.00,0,0
1423930494,s2-eth3,16830.00,779832.00,796662.00,779832,16830,255.00,516.00,771.00,516,255,0.00,0.00,0,0
1423930494,s2-eth2,8514.00,396668.00,405182.00,396668,8514,129.00,262.00,391.00,262,129,0.00,0.00,0,0
1423930494,s3-eth1,779832.00,16830.00,796662.00,16830,779832,516.00,255.00,771.00,255,516,0.00,0.00,0,0
1423930494,s3-eth3,9636.00,442210.00,451846.00,442210,9636,146.00,293.00,439.00,293,146,0.00,0.00,0,0
1423930494,s3-eth2,7260.00,334594.00,341854.00,334594,7260,110.00,221.00,331.00,221,110,0.00,0.00,0,0
1423930494,eth0,146.00,954.00,1100.00,954,146,1.00,13.00,14.00,13,1,0.00,0.00,0,0
1423930494,lo,0.00,0.00,0.00,0,0,0.00,0.00,0.00,0,0,0.00,0.00,0,0
1423930494,s4-eth1,442210.00,9636.00,451846.00,9636,442210,293.00,146.00,439.00,146,293,0.00,0.00,0,0
1423930494,s4-eth2,9702.00,442210.00,451912.00,442210,9702,147.00,293.00,440.00,293,147,0.00,0.00,0,0
1423930494,total,3728838.00,3749196.00,7478034.00,3749196,3728838,3619.00,3642.00,7261.00,3642,3619,0.00,0.00,0,0
1423930495,s1-eth1,1251560.00,27654.00,1279214.00,27654,1251560,828.00,419.00,1247.00,419,828,0.00,0.00,0,0
1423930495,s1-eth3,25344.00,1153968.00,1179312.00,1153968,25344,384.00,764.00,1148.00,764,384,0.00,0.00,0,0
1423930495,s1-eth2,2376.00,102952.00,105328.00,102952,2376,36.00,68.00,104.00,68,36,0.00,0.00,0,0
1423930495,s2-eth1,1153968.00,25344.00,1179312.00,25344,1153968,764.00,384.00,1148.00,384,764,0.00,0.00,0,0
1423930495,s2-eth3,16566.00,755786.00,772352.00,755786,16566,251.00,501.00,752.00,501,251,0.00,0.00,0,0
1423930495,s2-eth2,8778.00,398182.00,406960.00,398182,8778,133.00,263.00,396.00,263,133,0.00,0.