1423930507,s1-eth1,0.00,0.00,0.00,0,0,0.00,0.00,0.00,0,0,0.00,0.00,0,0
1423930507,s1-eth3,0.00,0.00,0.00,0,0,0.00,0.00,0.00,0,0,0.00,0.00,0,0
1423930507,s1-eth2,0.00,0.00,0.00,0,0,0.00,0.00,0.00,0,0,0.00,0.00,0,0
1423930507,s2-eth1,0.00,0.00,0.00,0,0,0.00,0.00,0.00,0,0,0.00,0.00,0,0
1423930507,s2-eth3,0.00,0.00,0.00,0,0,0.00,0.00,0.00,0,0,0.00,0.00,0,0
1423930507,s2-eth2,0.00,0.00,0.00,0,0,0.00,0.00,0.00,0,0,0.00,0.00,0,0
1423930507,s3-eth1,0.00,0.00,0.00,0,0,0.00,0.00,0.00,0,0,0.00,0.00,0,0
1423930507,s3-eth3,0.00,0.00,0.00,0,0,0.00,0.00,0.00,0,0,0.00,0.00,0,0
1423930507,s3-eth2,0.00,0.00,0.00,0,0,0.00,0.00,0.00,0,0,0.00,0.00,0,0
1423930507,eth0,0.00,0.00,0.00,0,0,0.00,0.00,0.00,0,0,0.00,0.00,0,0
1423930507,lo,0.00,0.00,0.00,0,0,0.00,0.00,0.00,0,0,0.00,0.00,0,0
1423930507,s4-eth1,0.00,0.00,0.00,0,0,0.00,0.00,0.00,0,0,0.00,0.00,0,0
1423930507,s4-eth3,0.00,0.00,0.00,0,0,0.00,0.00,0.00,0,0,0.00,0.00,0,0
1423930507,s4-eth2,0.00,0.00,0.00,0,0,0.00,0.00,0.00,0,0,0.00,0.00,0,0
1423930507,s5-eth1,0.00,0.00,0.00,0,0,0.00,0.00,0.00,0,0,0.00,0.00,0,0
1423930507,s5-eth2,0.00,0.00,0.00,0,0,0.00,0.00,0.00,0,0,0.00,0.00,0,0
1423930507,total,0.00,0.00,0.00,0,0,0.00,0.00,0.00,0,0,0.00,0.00,0,0
1423930508,s1-eth1,1250831.25,28483.52,1279314.75,28512,1252082,832.17,431.57,1263.74,432,833,0.00,0.00,0,0
1423930508,s1-eth3,22837.16,1031308.75,1054145.88,1032340,22860,345.65,685.31,1030.97,686,346,0.00,0.00,0,0
1423930508,s1-eth2,5736.26,252797.20,258533.47,253050,5742,86.91,168.83,255.74,169,87,0.00,0.00,0,0
1423930508,s2-eth1,1031308.75,22837.16,1054145.88,22860,1032340,685.31,345.65,1030.97,346,686,0.00,0.00,0,0
1423930508,s2-eth3,16705.29,755914.12,772619.38,756670,16722,252.75,502.50,755.24,503,253,0.00,0.00,0,0
1423930508,s2-eth2,6155.84,276907.09,283062.94,277184,6162,92.91,183.82,276.72,184,93,0.00,0.00,0,0
1423930508,s3-eth1,755914.12,16705.29,772619.38,16722,756670,502.50,252.75,755.24,253,503,0.00,0.00,0,0
1423930508,s3-eth3,11232.77,502389.62,513622.41,502892,11244,169.83,333.67,503.50,334,170,0.00,0.00,0,0
1423930508,s3-eth2,5628.37,241302.70,246931.08,241544,5634,84.92,159.84,244.76,160,85,0.00,0.00,0,0
1423930508,eth0,145.85,217.78,363.64,218,146,1.00,3.00,4.00,3,1,0.00,0.00,0,0
1423930508,lo,1438.56,1438.56,2877.12,1440,1440,14.99,14.99,29.97,15,15,0.00,0.00,0,0
1423930508,s4-eth1,502389.62,11232.77,513622.41,11244,502892,333.67,169.83,503.50,170,334,0.00,0.00,0,0
1423930508,s4-eth3,5364.64,233044.97,238409.59,233278,5370,80.92,154.85,235.76,155,81,0.00,0.00,0,0
1423930508,s4-eth2,5958.04,269344.66,275302.72,269614,5964,89.91,178.82,268.73,179,90,0.00,0.00,0,0
1423930508,s5-eth1,233044.97,5364.64,238409.59,5370,233278,154.85,80.92,235.76,81,155,0.00,0.00,0,0
1423930508,s5-eth2,5364.64,233044.97,238409.59,233278,5370,80.92,154.85,235.76,155,81,0.00,0.00,0,0
1423930508,total,3860056.00,3882333.75,7742390.00,3886216,3863916,3809.19,3821.18,7630.37,3825,3813,0.00,0.00,0,0
1423930509,s1-eth1,1251052.00,28668.00,1279720.00,28668,1251052,830.00,434.00,1264.00,434,830,0.00,0.00,0,0
1423930509,s1-eth3,22860.00,1014050.00,1036910.00,1014050,22860,346.00,673.00,1019.00,673,346,0.00,0.00,0,0
1423930509,s1-eth2,5832.00,251324.00,257156.00,251324,5832,88.00,166.00,254.00,166,88,0.00,0.00,0,0
1423930509,s2-eth1,1014050.00,22860.00,1036910.00,22860,1014050,673.00,346.00,1019.00,346,673,0.00,0.00,0,0
1423930509,s2-eth3,17316.00,761212.00,778528.00,761212,17316,262.00,506.00,768.00,506,262,0.00,0.00,0,0
1423930509,s2-eth2,5700.00,254352.00,260052.00,254352,5700,86.00,168.00,254.00,168,86,0.00,0.00,0,0
1423930509,s3-eth1,761212.00,17316.00,778528.00,17316,761212,506.00,262.00,768.00,262,506,0.00,0.00,0,0
1423930509,s3-eth3,11442.00,503014.00,514456.00,503014,11442,173.00,335.00,508.00,335,173,0.00,0.00,0,0
1423930509,s3-eth2,5898.00,258198.00,264096.00,258198,5898,89.00,171.00,260.00,171,89,0.00,0.00,0,0
1423930509,eth0,146.00,246.00,392.00,246,146,1.00,4.00,5.00,4,1,0.00,0.00,0,0
1423930509,lo,1440.00,1440.00,2880.00,1440,1440,15.00,15.00,30.00,15,15,0.00,0.00,0,0
1423930509,s4-eth1,503014.00,11442.00,514456.00,11442,503014,335.00,173.00,508.00,173,335,0.00,0.00,0,0
1423930509,s4-eth3,5634.00,246208.00,251842.00,246208,5634,85.00,164.00,249.00,164,85,0.00,0.00,0,0
1423930509,s4-eth2,5832.00,256806.00,262638.00,256806,5832,88.00,171.00,259.00,171,88,0.00,0.00,0,0
1423930509,s5-eth1,246208.00,5634.00,251842.00,5634,246208,164.00,85.00,249.00,85,164,0.00,0.00,0,0
1423930509,s5-eth2,5634.00,246208.00,251842.00,246208,5634,85.00,164.00,249.00,164,85,0.00,0.00,0,0
1423930509,total,3863270.00,3878978.00,7742248.00,3878978,3863270,3826.00,3837.00,7663.00,3837,3826,0.00,0.00,0,0
1423930510,s1-eth1,1250259.75,28355.64,1278615.38,28384,1251510,834.17,429.57,1263.74,430,835,0.00,0.00,0,0
1423930510,s1-eth3,22755.25,1027802.25,1050557.50,1028830,22778,344.66,686.31,1030.97,687,345,0.00,0.00,0,0
1423930510,s1-eth2,6019.98,250569.44,256589.42,250820,6026,90.91,167.83,258.74,168,91,0.00,0.00,0,0
1423930510,s2-eth1,1027802.25,22755.25,1050557.50,22778,1028830,686.31,344.66,1030.97,345,687,0.00,0.00,0,0
1423930510,s2-eth3,17418.58,784795.25,802213.81,785580,17436,263.74,523.48,787.21,524,264,0.00,0.00,0,0
1423930510,s2-eth2,5690.31,241494.52,247184.83,241736,5696,85.91,161.84,247.75,162,86,0.00,0.00,0,0
1423930510,s3-eth1,784795.25,17418.58,802213.81,17436,785580,523.48,263.74,787.21,264,524,0.00,0.00,0,0
1423930510,s3-eth3,11686.31,517654.38,529340.69,518172,11698,176.82,345.65,522.48,346,177,0.00,0.00,0,0
1423930510,s3-eth2,6217.78,270165.84,276383.62,270436,6224,93.91,179.82,273.73,180,94,0.00,0.00,0,0
1423930510,eth0,145.85,429.57,575.42,430,146,1.00,5.99,6.99,6,1,0.00,0.00,0,0
1423930510,lo,8031.97,8031.97,16063.94,8040,8040,89.91,89.91,179.82,90,90,0.00,0.00,0,0
1423930510,s4-eth1,517654.38,11686.31,529340.69,11698,518172,345.65,176.82,522.48,177,346,0.00,0.00,0,0
1423930510,s4-eth3,6481.52,280002.00,286483.53,280282,6488,97.90,186.81,284.72,187,98,0.00,0.00,0,0
1423930510,s4-eth2,5690.31,237652.36,243342.66,237890,5696,85.91,158.84,244.76,159,86,0.00,0.00,0,0
1423930510,s5-eth1,280002.00,6481.52,286483.53,6488,280282,186.81,97.90,284.72,98,187,0.00,0.00,0,0
1423930510,s5-eth2,6481.52,280002.00,286483.53,280282,6488,97.90,186.81,284.72,187,98,0.00,0.00,0,0
1423930510,total,3957133.00,3985296.75,7942430.00,3989282,3961090,4005.00,4005.99,8010.99,4010,4009,0.00,0.00,0,0
1423930511,s1-eth1,1251302.00,28890.00,1280192.00,28890,1251302,833.00,437.00,1270.00,437,833,0.00,0.00,0,0
1423930511,s1-eth3,23046.00,1064370.00,1087416.00,1064370,23046,351.00,713.00,1064.00,713,351,0.00,0.00,0,0
1423930511,s1-eth2,6438.00,274324.00,280762.00,274324,6438,97.00,186.00,283.00,186,97,0.00,0.00,0,0
1423930511,s2-eth1,1064370.00,23046.00,1087416.00,23046,1064370,713.00,351.00,1064.00,351,713,0.00,0.00,0,0
1423930511,s2-eth3,17214.00,790208.00,807422.00,790208,17214,263.00,532.00,795.00,532,263,0.00,0.00,0,0
1423930511,s2-eth2,6420.00,281984.00,288404.00,281984,6420,98.00,192.00,290.00,192,98,0.00,0.00,0,0
1423930511,s3-eth1,790208.00,17214.00,807422.00,17214,790208,532.00,263.00,795.00,263,532,0.00,0.00,0,0
1423930511,s3-eth3,11100.00,507000.00,518100.00,507000,11100,170.00,344.00,514.00,344,170,0.00,0.00,0,0
1423930511,s3-eth2,6552.00,280348.00,286900.00,280348,6552,100.00,190.00,290.00,190,100,0.00,0.00,0,0
1423930511,eth0,146.00,278.00,424.00,278,146,1.00,4.00,5.00,4,1,0.00,0.00,0,0
1423930511,lo,21380.00,21380.00,42760.00,21380,21380,190.00,190.00,380.00,190,190,0.00,0.00,0,0
1423930511,s4-eth1,507000.00,11100.00,518100.00,11100,507000,344.00,170.00,514.00,170,344,0.00,0.00,0,0
1423930511,s4-eth3,5322.00,225058.00,230380.00,225058,5322,81.00,153.00,234.00,153,81,0.00,0.00,0,0
1423930511,s4-eth2,6132.00,282026.00,288158.00,282026,6132,94.00,193.00,287.00,193,94,0.00,0.00,0,0
1423930511,s5-eth1,225058.00,5322.00,230380.00,5322,225058,153.00,81.00,234.00,81,153,0.00,0.00,0,0
1423930511,s5-eth2,5322.00,225058.00,230380.00,225058,5322,81.00,153.00,234.00,153,81,0.00,0.00,0,0
1423930511,total,3947010.00,4037606.00,7984616.00,4037606,3947010,4101.00,4152.00,8253.00,4152,4101,0.00,0.00,0,0
1423930512,s1-eth1,1250422.00,34770.00,1285192.00,34770,1250422,831.00,503.00,1334.00,503,831,0.00,0.00,0,0
1423930512,s1-eth3,31128.00,1168534.00,1199662.00,1168534,31128,458.00,775.00,1233.00,775,458,0.00,0.00,0,0
1423930512,s1-eth2,3720.00,18168.00,21888.00,18168,3720,46.00,12.00,58.00,12,46,0.00,0.00,0,0
1423930512,s2-eth1,1168534.00,31128.00,1199662.00,31128,1168534,775.00,458.00,1233.00,458,775,0.00,0.00,0,0
1423930512,s2-eth3,24264.00,942130.00,966394.00,942130,24264,354.00,625.00,979.00,625,354,0.00,0.00,0,0
1423930512,s2-eth2,6864.00,317366.00,324230.00,317366,6864,104.00,211.00,315.00,211,104,0.00,0.00,0,0
1423930512,s3-eth1,942130.00,24264.00,966394.00,24264,942130,625.00,354.00,979.00,354,625,0.00,0.00,0,0
1423930512,s3-eth3,16278.00,608054.00,624332.00,608054,16278,233.00,403.00,636.00,403,233,0.00,0.00,0,0
1423930512,s3-eth2,7986.00,364356.00,372342.00,364356,7986,121.00,242.00,363.00,242,121,0.00,0.00,0,0
1423930512,eth0,146.00,306.00,452.00,306,146,1.00,5.00,6.00,5,1,0.00,0.00,0,0
1423930512,lo,0.00,0.00,0.00,0,0,0.00,0.00,0.00,0,0,0.00,0.00,0,0
1423930512,s4-eth1,608054.00,16278.00,624332.00,16278,608054,403.00,233.00,636.00,233,403,0.00,0.00,0,0
1423930512,s4-eth3,8844.00,400636.00,409480.00,400636,8844,134.00,266.00,400.00,266,134,0.00,0.00,0,0
1423930512,s4-eth2,7434.00,207418.00,214852.00,207418,7434,99.00,137.00,236.00,137,99,0.00,0.00,0,0
1423930512,s5-eth1,400636.00,8844.00,409480.00,8844,400636,266.00,134.00,400.00,134,266,0.00,0.00,0,0
1423930512,s5-eth2,8844.00,400636.00,409480.00,400636,8844,134.00,266.00,400.00,266,134,0.00,0.00,0,0
1423930512,total,4485284.00,4542888.00,9028172.00,4542888,4485284,4584.00,4624.00,9208.00,4624,4584,0.00,0.00,0,0
1423930513,s1-eth1,1250356.00,30030.00,1280386.00,30030,1250356,830.00,455.00,1285.00,455,830,0.00,0.00,0,0
1423930513,s1-eth3,28182.00,1251052.00,1279234.00,1251052,28182,427.00,830.00,1257.00,830,427,0.00,0.00,0,0
1423930513,s1-eth2,1848.00,107494.00,109342.00,107494,1848,28.00,71.00,99.00,71,28,0.00,0.00,0,0
1423930513,s2-eth1,1251052.00,28182.00,1279234.00,28182,1251052,830.00,427.00,1257.00,427,830,0.00,0.00,0,0
1423930513,s2-eth3,19008.00,866252.00,885260.00,866252,19008,288.00,574.00,862.00,574,288,0.00,0.00,0,0
1423930513,s2-eth2,9042.00,398304.00,407346.00,398304,9042,137.00,264.00,401.00,264,137,0.00,0.00,0,0
1423930513,s3-eth1,866252.00,19008.00,885260.00,19008,866252,574.00,288.00,862.00,288,574,0.00,0.00,0,0
1423930513,s3-eth3,11286.00,493686.00,504972.00,493686,11286,171.00,327.00,498.00,327,171,0.00,0.00,0,0
1423930513,s3-eth2,7722.00,342286.00,350008.00,342286,7722,117.00,227.00,344.00,227,117,0.00,0.00,0,0
1423930513,eth0,146.00,338.00,484.00,338,146,1.00,5.00,6.00,5,1,0.00,0.00,0,0
1423930513,lo,0.00,0.00,0.00,0,0,0.00,0.00,0.00,0,0,0.00,0.00,0,0
1423930513,s4-eth1,493686.00,11286.00,504972.00,11286,493686,327.00,171.00,498.00,171,327,0.00,0.00,0,0
1423930513,s4-eth3,6600.00,284754.00,291354.00,284754,6600,100.00,189.00,289.00,189,100,0.00,0.00,0,0
1423930513,s4-eth2,4686.00,208932.00,213618.00,208932,4686,71.00,138.00,209.00,138,71,0.00,0.00,0,0
1423930513,s5-eth1,284754.00,6600.00,291354.00,6600,284754,189.00,100.00,289.00,100,189,0.00,0.00,0,0
1423930513,s5-eth2,6600.00,284754.00,291354.00,284754,6600,100.00,189.00,289.00,189,100,0.00,0.00,0,0
1423930513,total,4241220.00,4332958.00,8574178.00,4332958,4241220,4190.00,4255.00,8445.00,4255,4190,0.00,0.00,0,0
1423930514,s1-eth1,1250500.00,48544.00,1299044.00,48544,1250500,832.00,638.00,1470.00,638,832,0.00,0.00,0,0
1423930514,s1-eth3,46748.00,1085474.00,1132222.00,1085474,46748,618.00,723.00,1341.00,723,618,0.00,0.00,0,0
1423930514,s1-eth2,2146.00,53060.00,55206.00,53060,2146,25.00,36.00,61.00,36,25,0.00,0.00,0,0
1423930514,s2-eth1,1085474.00,46748.00,1132222.00,46748,1085474,723.00,618.00,1341.00,618,723,0.00,0.00,0,0
1423930514,s2-eth3,31540.00,795482.00,827022.00,795482,31540,416.00,531.00,947.00,531,416,0.00,0.00,0,0
1423930514,s2-eth2,15760.00,349108.00,364868.00,349108,15760,210.00,232.00,442.00,232,210,0.00,0.00,0,0
1423930514,s3-eth1,795482.00,31540.00,827022.00,31540,795482,531.00,416.00,947.00,416,531,0.00,0.00,0,0
1423930514,s3-eth3,20008.00,519742.00,539750.00,519742,20008,270.00,347.00,617.00,347,270,0.00,0.00,0,0
1423930514,s3-eth2,11952.00,278768.00,290720.00,278768,11952,152.00,186.00,338.00,186,152,0.00,0.00,0,0
1423930514,eth0,146.00,462.00,608.00,462,146,1.00,6.00,7.00,6,1,0.00,0.00,0,0
1423930514,lo,7772.00,7772.00,15544.00,7772,7772,87.00,87.00,174.00,87,87,0.00,0.00,0,0
1423930514,s4-eth1,519742.00,20008.00,539750.00,20008,519742,347.00,270.00,617.00,270,347,0.00,0.00,0,0
1423930514,s4-eth3,13886.00,342356.00,356242.00,342356,13886,185.00,228.00,413.00,228,185,0.00,0.00,0,0
1423930514,s4-eth2,6542.00,177386.00,183928.00,177386,6542,91.00,119.00,210.00,119,91,0.00,0.00,0,0
1423930514,s5-eth1,342356.00,13886.00,356242.00,13886,342356,228.00,185.00,413.00,185,228,0.00,0.00,0,0
1423930514,s5-eth2,13820.00,342356.00,356176.00,342356,13820,184.00,228.00,412.00,228,184,0.00,0.00,0,0
1423930514,total,4163874.00,4112692.00,8276566.00,4112692,4163874,4900.00,4850.00,9750.00,4850,4900,0.00,0.00,0,0
1423930515,s1-eth1,1250756.00,29900.00,1280656.00,29900,1250756,828.00,442.00,1270.00,442,828,0.00,0.00,0,0
1423930515,s1-eth3,25122.00,1250756.00,1275878.00,1250756,25122,375.00,828.00,1203.00,828,375,0.00,0.00,0,0
1423930515,s1-eth2,4770.00,193792.00,198562.00,193792,4770,67.00,128.00,195.00,128,67,0.00,0.00,0,0
1423930515,s2-eth1,1250756.00,25122.00,1275878.00,25122,1250756,828.00,375.00,1203.00,375,828,0.00,0.00,0,0
1423930515,s2-eth3,18972.00,825252.00,844224.00,825252,18972,282.00,546.00,828.00,546,282,0.00,0.00,0,0
1423930515,s2-eth2,6150.00,293716.00,299866.00,293716,6150,93.00,194.00,287.00,194,93,0.00,0.00,0,0
1423930515,s3-eth1,825252.00,18972.00,844224.00,18972,825252,546.00,282.00,828.00,282,546,0.00,0.00,0,0
1423930515,s3-eth3,11988.00,526994.00,538982.00,526994,11988,180.00,349.00,529.00,349,180,0.00,0.00,0,0
1423930515,s3-eth2,6898.00,295230.00,302128.00,295230,6898,101.00,195.00,296.00,195,101,0.00,0.00,0,0
1423930515,eth0,146.00,458.00,604.00,458,146,1.00,7.00,8.00,7,1,0.00,0.00,0,0
1423930515,lo,268.00,268.00,536.00,268,268,3.00,3.00,6.00,3,3,0.00,0.00,0,0
1423930515,s4-eth1,526994.00,11988.00,538982.00,11988,526994,349.00,180.00,529.00,180,349,0.00,0.00,0,0
1423930515,s4-eth3,7194.00,324118.00,331312.00,324118,7194,109.00,215.00,324.00,215,109,0.00,0.00,0,0
1423930515,s4-eth2,4794.00,202876.00,207670.00,202876,4794,71.00,134.00,205.00,134,71,0.00,0.00,0,0
1423930515,s5-eth1,324118.00,7194.00,331312.00,7194,324118,215.00,109.00,324.00,109,215,0.00,0.00,0,0
1423930515,s5-eth2,7260.00,324118.00,331378.00,324118,7260,110.00,215.00,325.00,215,110,0.00,0.00,0,0
1423930515,total,4271438.00,4330754.00,8602192.00,4330754,4271438,4158.00,4202.00,8360.00,4202,4158,0.00,0.00,0,0
1423930516,s1-eth1,1250243.75,48989.01,1299232.75,49038,1251494,826.17,630.37,1456.54,631,827,0.00,0.00,0,0
1423930516,s1-eth3,43578.42,1123194.88,1166773.25,1124318,43622,562.44,742.26,1304.70,743,563,0.00,0.00,0,0
1423930516,s1-eth2,5422.58,137636.38,143058.94,137774,5428,67.93,90.91,158.84,91,68,0.00,0.00,0,0
1423930516,s2-eth1,1123194.88,43578.42,1166773.25,43622,1124318,742.26,562.44,1304.70,563,743,0.00,0.00,0,0
1423930516,s2-eth3,31934.07,791031.00,822965.06,791822,31966,408.59,522.48,931.07,523,409,0.00,0.00,0,0
1423930516,s2-eth2,11644.36,292839.16,304483.53,293132,11656,153.85,193.81,347.65,194,154,0.00,0.00,0,0
1423930516,s3-eth1,791031.00,31934.07,822965.06,31966,791822,522.48,408.59,931.07,409,523,0.00,0.00,0,0
1423930516,s3-eth3,19282.72,509708.31,528991.00,510218,19302,250.75,336.66,587.41,337,251,0.00,0.00,0,0
1423930516,s3-eth2,12671.33,281322.69,293994.00,281604,12684,157.84,185.81,343.66,186,158,0.00,0.00,0,0
1423930516,eth0,145.85,457.54,603.40,458,146,1.00,6.99,7.99,7,1,0.00,0.00,0,0
1423930516,lo,0.00,0.00,0.00,0,0,0.00,0.00,0.00,0,0,0.00,0.00,0,0
1423930516,s4-eth1,509708.31,19282.72,528991.00,19302,510218,336.66,250.75,587.41,251,337,0.00,0.00,0,0
1423930516,s4-eth3,12797.20,316109.91,328907.09,316426,12810,158.84,208.79,367.63,209,159,0.00,0.00,0,0
1423930516,s4-eth2,6485.51,193598.41,200083.92,193792,6492,91.91,127.87,219.78,128,92,0.00,0.00,0,0
1423930516,s5-eth1,316109.91,12797.20,328907.09,12810,316426,208.79,158.84,367.63,159,209,0.00,0.00,0,0
1423930516,s5-eth2,12731.27,316109.91,328841.16,316426,12744,157.84,208.79,366.63,209,158,0.00,0.00,0,0
1423930516,total,4146981.25,4118589.50,8265570.50,4122708,4151128,4647.35,4635.36,9282.72,4640,4652,0.00,0.00,0,0
1423930517,s1-eth1,1250243.75,41458.54,1291702.38,41500,1251494,826.17,557.44,1383.62,558,827,0.00,0.00,0,0
1423930517,s1-eth3,36567.43,1091432.62,1128000.00,1092524,36604,493.51,721.28,1214.79,722,494,0.00,0.00,0,0
1423930517,s1-eth2,4891.11,128561.45,133452.55,128690,4896,63.94,84.92,148.85,85,64,0.00,0.00,0,0
1423930517,s2-eth1,1091432.62,36567.43,1128000.00,36604,1092524,721.28,493.51,1214.79,494,722,0.00,0.00,0,0
1423930517,s2-eth3,26861.14,825234.81,852095.94,826060,26888,361.64,545.45,907.09,546,362,0.00,0.00,0,0
1423930517,s2-eth2,9706.29,267710.31,277416.59,267978,9716,131.87,176.82,308.69,177,132,0.00,0.00,0,0
1423930517,s3-eth1,825234.81,26861.14,852095.94,26888,826060,545.45,361.64,907.09,362,546,0.00,0.00,0,0
1423930517,s3-eth3,18487.51,438037.97,456525.50,438476,18506,234.77,289.71,524.48,290,235,0.00,0.00,0,0
1423930517,s3-eth2,8373.63,387196.81,395570.44,387584,8382,126.87,255.74,382.62,256,127,0.00,0.00,0,0
1423930517,eth0,145.85,397.60,543.46,398,146,1.00,5.99,6.99,6,1,0.00,0.00,0,0
1423930517,lo,0.00,0.00,0.00,0,0,0.00,0.00,0.00,0,0,0.00,0.00,0,0
1423930517,s4-eth1,438037.97,18487.51,456525.50,18506,438476,289.71,234.77,524.48,235,290,0.00,0.00,0,0
1423930517,s4-eth3,11506.49,267126.88,278633.38,267394,11518,144.86,176.82,321.68,177,145,0.00,0.00,0,0
1423930517,s4-eth2,6981.02,173936.06,180917.09,174110,6988,89.91,114.89,204.80,115,90,0.00,0.00,0,0
1423930517,s5-eth1,267126.88,11506.49,278633.38,11518,267394,176.82,144.86,321.68,145,177,0.00,0.00,0,0
1423930517,s5-eth2,11506.49,267126.88,278633.38,267394,11518,144.86,176.82,321.68,177,145,0.00,0.00,0,0
1423930517,total,4007103.00,3981642.50,7988745.50,3985624,4011110,4352.65,4340.66,8693.31,4345,4357,0.00,0.00,0,0
1423930518,s1-eth1,1250564.00,27852.00,1278416.00,27852,1250564,826.00,422.00,1248.00,422,826,0.00,0.00,0,0
1423930518,s1-eth3,24486.00,1140042.00,1164528.00,1140042,24486,371.00,753.00,1124.00,753,371,0.00,0.00,0,0
1423930518,s1-eth2,3366.00,145344.00,148710.00,145344,3366,51.00,96.00,147.00,96,51,0.00,0.00,0,0
1423930518,s2-eth1,1140042.00,24486.00,1164528.00,24486,1140042,753.00,371.00,1124.00,371,753,0.00,0.00,0,0
1423930518,s2-eth3,18810.00,869036.00,887846.00,869036,18810,285.00,574.00,859.00,574,285,0.00,0.00,0,0
1423930518,s2-eth2,5676.00,267978.00,273654.00,267978,5676,86.00,177.00,263.00,177,86,0.00,0.00,0,0
1423930518,s3-eth1,869036.00,18810.00,887846.00,18810,869036,574.00,285.00,859.00,285,574,0.00,0.00,0,0
1423930518,s3-eth3,11352.00,523844.00,535196.00,523844,11352,172.00,346.00,518.00,346,172,0.00,0.00,0,0
1423930518,s3-eth2,7524.00,345192.00,352716.00,345192,7524,114.00,228.00,342.00,228,114,0.00,0.00,0,0
1423930518,eth0,146.00,126.00,272.00,126,146,1.00,2.00,3.00,2,1,0.00,0.00,0,0
1423930518,lo,0.00,0.00,0.00,0,0,0.00,0.00,0.00,0,0,0.00,0.00,0,0
1423930518,s4-eth1,523844.00,11352.00,535196.00,11352,523844,346.00,172.00,518.00,172,346,0.00,0.00,0,0
1423930518,s4-eth3,7458.00,346706.00,354164.00,346706,7458,113.00,229.00,342.00,229,113,0.00,0.00,0,0
1423930518,s4-eth2,3894.00,174110.00,178004.00,174110,3894,59.00,115.00,174.00,115,59,0.00,0.00,0,0
1423930518,s5-eth1,346706.00,7458.00,354164.00,7458,346706,229.00,113.00,342.00,113,229,0.00,0.00,0,0
1423930518,s5-eth2,7524.00,346706.00,354230.00,346706,7524,114.00,229.00,343.00,229,114,0.00,0.00,0,0
1423930518,total,4220428.00,4249042.00,8469470.00,4249042,4220428,4094.00,4112.00,8206.00,4112,4094,0.00,0.00,0,0
1423930519,s1-eth1,1250564.00,27522.00,1278086.00,27522,1250564,826.00,417.00,1243.00,417,826,0.00,0.00,0,0
1423930519,s1-eth3,24684.00,1118846.00,1143530.00,1118846,24684,374.00,739.00,1113.00,739,374,0.00,0.00,0,0
1423930519,s1-eth2,2904.00,131718.00,134622.00,131718,2904,44.00,87.00,131.00,87,44,0.00,0.00,0,0
1423930519,s2-eth1,1118846.00,24684.00,1143530.00,24684,1118846,739.00,374.00,1113.00,374,739,0.00,0.00,0,0
1423930519,s2-eth3,18810.00,850868.00,869678.00,850868,18810,285.00,562.00,847.00,562,285,0.00,0.00,0,0
1423930519,s2-eth2,5808.00,267978.00,273786.00,267978,5808,88.00,177.00,265.00,177,88,0.00,0.00,0,0
1423930519,s3-eth1,850868.00,18810.00,869678.00,18810,850868,562.00,285.00,847.00,285,562,0.00,0.00,0,0
1423930519,s3-eth3,11352.00,511732.00,523084.00,511732,11352,172.00,338.00,510.00,338,172,0.00,0.00,0,0
1423930519,s3-eth2,7458.00,339136.00,346594.00,339136,7458,113.00,224.00,337.00,224,113,0.00,0.00,0,0
1423930519,eth0,146.00,278.00,424.00,278,146,1.00,4.00,5.00,4,1,0.00,0.00,0,0
1423930519,lo,860.00,860.00,1720.00,860,860,15.00,15.00,30.00,15,15,0.00,0.00,0,0
1423930519,s4-eth1,511732.00,11352.00,523084.00,11352,511732,338.00,172.00,510.00,172,338,0.00,0.00,0,0
1423930519,s4-eth3,6996.00,319454.00,326450.00,319454,6996,106.00,211.00,317.00,211,106,0.00,0.00,0,0
1423930519,s4-eth2,4356.00,195306.00,199662.00,195306,4356,66.00,129.00,195.00,129,66,0.00,0.00,0,0
1423930519,s5-eth1,319454.00,6996.00,326450.00,6996,319454,211.00,106.00,317.00,106,211,0.00,0.00,0,0
1423930519,s5-eth2,6996.00,319454.00,326450.00,319454,6996,106.00,211.00,317.00,211,106,0.00,0.00,0,0
1423930519,total,4141834.00,4144994.00,8286828.00,4144994,4141834,4046.00,4051.00,8097.00,4051,4046,0.00,0.00,0,0
1423930520,s1-eth1,1250827.25,27626.38,1278453.62,27654,1252078,826.17,418.58,1244.76,419,827,0.00,0.00,0,0
1423930520,s1-eth3,24725.28,1120753.25,1145478.50,1121874,24750,374.63,740.26,1114.89,741,375,0.00,0.00,0,0
1423930520,s1-eth2,2901.10,130073.93,132975.03,130204,2904,43.96,85.91,129.87,86,44,0.00,0.00,0,0
1423930520,s2-eth1,1120753.25,24725.28,1145478.50,24750,1121874,740.26,374.63,1114.89,375,741,0.00,0.00,0,0
1423930520,s2-eth3,18857.14,853043.00,871900.12,853896,18876,285.71,563.44,849.15,564,286,0.00,0.00,0,0
1423930520,s2-eth2,5868.13,269222.78,275090.91,269492,5874,88.91,177.82,266.73,178,89,0.00,0.00,0,0
1423930520,s3-eth1,853043.00,18857.14,871900.12,18876,853896,563.44,285.71,849.15,286,564,0.00,0.00,0,0
1423930520,s3-eth3,10945.06,493070.94,504016.00,493564,10956,165.83,325.67,491.51,326,166,0.00,0.00,0,0
1423930520,s3-eth2,7846.15,359972.03,367818.19,360332,7854,118.88,237.76,356.64,238,119,0.00,0.00,0,0
1423930520,eth0,145.85,277.72,423.58,278,146,1.00,4.00,5.00,4,1,0.00,0.00,0,0
1423930520,lo,0.00,0.00,0.00,0,0,0.00,0.00,0.00,0,0,0.00,0.00,0,0
1423930520,s4-eth1,493070.94,10945.06,504016.00,10956,493564,325.67,165.83,491.51,166,326,0.00,0.00,0,0
1423930520,s4-eth3,6989.01,311572.44,318561.44,311884,6996,105.89,205.79,311.69,206,106,0.00,0.00,0,0
1423930520,s4-eth2,3956.04,178473.53,182429.58,178652,3960,59.94,117.88,177.82,118,60,0.00,0.00,0,0
1423930520,s5-eth1,311572.44,6989.01,318561.44,6996,311884,205.79,105.89,311.69,106,206,0.00,0.00,0,0
1423930520,s5-eth2,6989.01,311572.44,318561.44,311884,6996,105.89,205.79,311.69,206,106,0.00,0.00,0,0
1423930520,total,4118489.50,4117175.00,8235664.50,4121292,4122608,4011.99,4014.99,8026.97,4019,4016,0.00,0.00,0,0
1423930521,s1-eth1,1250564.00,32370.00,1282934.00,32370,1250564,826.00,475.00,1301.00,475,826,0.00,0.00,0,0
1423930521,s1-eth3,27912.00,1117332.00,1145244.00,1117332,27912,412.00,738.00,1150.00,738,412,0.00,0.00,0,0
1423930521,s1-eth2,4392.00,127176.00,131568.00,127176,4392,62.00,84.00,146.00,84,62,0.00,0.00,0,0
1423930521,s2-eth1,1117332.00,27912.00,1145244.00,27912,1117332,738.00,412.00,1150.00,412,738,0.00,0.00,0,0
1423930521,s2-eth3,21972.00,841784.00,863756.00,841784,21972,322.00,556.00,878.00,556,322,0.00,0.00,0,0
1423930521,s2-eth2,6006.00,274034.00,280040.00,274034,6006,91.00,181.00,272.00,181,91,0.00,0.00,0,0
1423930521,s3-eth1,841784.00,21972.00,863756.00,21972,841784,556.00,322.00,878.00,322,556,0.00,0.00,0,0
1423930521,s3-eth3,11220.00,507190.00,518410.00,507190,11220,170.00,335.00,505.00,335,170,0.00,0.00,0,0
1423930521,s3-eth2,10818.00,334594.00,345412.00,334594,10818,153.00,221.00,374.00,221,153,0.00,0.00,0,0
1423930521,eth0,146.00,66.00,212.00,66,146,1.00,1.00,2.00,1,1,0.00,0.00,0,0
1423930521,lo,0.00,0.00,0.00,0,0,0.00,0.00,0.00,0,0,0.00,0.00,0,0
1423930521,s4-eth1,507190.00,11220.00,518410.00,11220,507190,335.00,170.00,505.00,170,335,0.00,0.00,0,0
1423930521,s4-eth3,6930.00,311884.00,318814.00,311884,6930,105.00,206.00,311.00,206,105,0.00,0.00,0,0
1423930521,s4-eth2,4224.00,195306.00,199530.00,195306,4224,64.00,129.00,193.00,129,64,0.00,0.00,0,0
1423930521,s5-eth1,311884.00,6930.00,318814.00,6930,311884,206.00,105.00,311.00,105,206,0.00,0.00,0,0
1423930521,s5-eth2,6930.00,311884.00,318814.00,311884,6930,105.00,206.00,311.00,206,105,0.00,0.00,0,0
1423930521,total,4129304.00,4121654.00,8250958.00,4121654,4129304,4146.00,4141.00,8287.00,4141,4146,0.00,0.00,0,0
1423930522,s1-eth1,1250827.25,32397.60,1283224.75,32430,1252078,826.17,464.54,1290.71,465,827,0.00,0.00,0,0
1423930522,s1-eth3,28029.97,1131340.75,1159370.62,1132472,28058,406.59,747.25,1153.85,748,407,0.00,0.00,0,0
1423930522,s1-eth2,4339.66,131586.42,135926.08,131718,4344,57.94,86.91,144.86,87,58,0.00,0.00,0,0
1423930522,s2-eth1,1131340.75,28029.97,1159370.62,28058,1132472,747.25,406.59,1153.85,407,748,0.00,0.00,0,0
1423930522,s2-eth3,19684.32,857580.44,877264.75,858438,19704,293.71,566.43,860.14,567,294,0.00,0.00,0,0
1423930522,s2-eth2,8251.75,273760.25,282012.00,274034,8260,111.89,180.82,292.71,181,112,0.00,0.00,0,0
1423930522,s3-eth1,857580.44,19684.32,877264.75,19704,858438,566.43,293.71,860.14,294,567,0.00,0.00,0,0
1423930522,s3-eth3,11802.20,553570.44,565372.62,554124,11814,178.82,365.63,544.46,366,179,0.00,0.00,0,0
1423930522,s3-eth2,7882.12,305522.50,313404.59,305828,7890,114.89,201.80,316.68,202,115,0.00,0.00,0,0
1423930522,eth0,145.85,931.07,1076.92,932,146,1.00,5.99,6.99,6,1,0.00,0.00,0,0
1423930522,lo,0.00,0.00,0.00,0,0,0.00,0.00,0.00,0,0,0.00,0.00,0,0
1423930522,s4-eth1,553570.44,11802.20,565372.62,11814,554124,365.63,178.82,544.46,179,366,0.00,0.00,0,0
1423930522,s4-eth3,7252.75,334259.75,341512.50,334594,7260,109.89,220.78,330.67,221,110,0.00,0.00,0,0
1423930522,s4-eth2,4615.38,219310.69,223926.08,219530,4620,69.93,144.86,214.79,145,70,0.00,0.00,0,0
1423930522,s5-eth1,334259.75,7252.75,341512.50,7260,334594,220.78,109.89,330.67,110,221,0.00,0.00,0,0
1423930522,s5-eth2,7252.75,334259.75,341512.50,334594,7260,109.89,220.78,330.67,221,110,0.00,0.00,0,0
1423930522,total,4226835.50,4241289.00,8468124.00,4245530,4231062,4180.82,4194.81,8375.62,4199,4185,0.00,0.00,0,0
1423930523,s1-eth1,1250270.00,32574.00,1282844.00,32574,1250270,827.00,477.00,1304.00,477,827,0.00,0.00,0,0
1423930523,s1-eth3,29646.00,1157916.00,1187562.00,1157916,29646,433.00,766.00,1199.00,766,433,0.00,0.00,0,0
1423930523,s1-eth2,2956.00,110522.00,113478.00,110522,2956,44.00,73.00,117.00,73,44,0.00,0.00,0,0
1423930523,s2-eth1,1157916.00,29646.00,1187562.00,29646,1157916,766.00,433.00,1199.00,433,766,0.00,0.00,0,0
1423930523,s2-eth3,22128.00,924760.00,946888.00,924760,22128,330.00,612.00,942.00,612,330,0.00,0.00,0,0
1423930523,s2-eth2,7612.00,233156.00,240768.00,233156,7612,104.00,154.00,258.00,154,104,0.00,0.00,0,0
1423930523,s3-eth1,924760.00,22128.00,946888.00,22128,924760,612.00,330.00,942.00,330,612,0.00,0.00,0,0
1423930523,s3-eth3,14718.00,677978.00,692696.00,677978,14718,223.00,449.00,672.00,449,223,0.00,0.00,0,0
1423930523,s3-eth2,7344.00,245268.00,252612.00,245268,7344,106.00,162.00,268.00,162,106,0.00,0.00,0,0
1423930523,eth0,146.00,522.00,668.00,522,146,1.00,7.00,8.00,7,1,0.00,0.00,0,0
1423930523,lo,0.00,0.00,0.00,0,0,0.00,0.00,0.00,0,0,0.00,0.00,0,0
1423930523,s4-eth1,677978.00,14718.00,692696.00,14718,677978,449.00,223.00,672.00,223,449,0.00,0.00,0,0
1423930523,s4-eth3,8910.00,411808.00,420718.00,411808,8910,135.00,272.00,407.00,272,135,0.00,0.00,0,0
1423930523,s4-eth2,5808.00,266170.00,271978.00,266170,5808,88.00,177.00,265.00,177,88,0.00,0.00,0,0
1423930523,s5-eth1,411808.00,8910.00,420718.00,8910,411808,272.00,135.00,407.00,135,272,0.00,0.00,0,0
1423930523,s5-eth2,8844.00,414836.00,423680.00,414836,8844,134.00,274.00,408.00,274,134,0.00,0.00,0,0
1423930523,total,4530844.00,4550912.00,9081756.00,4550912,4530844,4524.00,4544.00,9068.00,4544,4524,0.00,0.00,0,0
1423930524,s1-eth1,1251382.00,39020.00,1290402.00,39020,1251382,827.00,552.00,1379.00,552,827,0.00,0.00,0,0
1423930524,s1-eth3,34572.00,1056076.00,1090648.00,1056076,34572,490.00,698.00,1188.00,698,490,0.00,0.00,0,0
1423930524,s1-eth2,4514.00,137774.00,142288.00,137774,4514,63.00,91.00,154.00,91,63,0.00,0.00,0,0
1423930524,s2-eth1,1056076.00,34572.00,1090648.00,34572,1056076,698.00,490.00,1188.00,490,698,0.00,0.00,0,0
1423930524,s2-eth3,27840.00,851686.00,879526.00,851686,27840,392.00,563.00,955.00,563,392,0.00,0.00,0,0
1423930524,s2-eth2,6666.00,230128.00,236794.00,230128,6666,97.00,152.00,249.00,152,97,0.00,0.00,0,0
1423930524,s3-eth1,851686.00,27840.00,879526.00,27840,851686,563.00,392.00,955.00,392,563,0.00,0.00,0,0
1423930524,s3-eth3,19656.00,604904.00,624560.00,604904,19656,276.00,400.00,676.00,400,276,0.00,0.00,0,0
1423930524,s3-eth2,8184.00,249810.00,257994.00,249810,8184,116.00,165.00,281.00,165,116,0.00,0.00,0,0
1423930524,eth0,146.00,186.00,332.00,186,146,1.00,3.00,4.00,3,1,0.00,0.00,0,0
1423930524,lo,860.00,860.00,1720.00,860,860,15.00,15.00,30.00,15,15,0.00,0.00,0,0
1423930524,s4-eth1,604904.00,19656.00,624560.00,19656,604904,400.00,276.00,676.00,276,400,0.00,0.00,0,0
1423930524,s4-eth3,10350.00,295230.00,305580.00,295230,10350,145.00,195.00,340.00,195,145,0.00,0.00,0,0
1423930524,s4-eth2,9306.00,309674.00,318980.00,309674,9306,131.00,205.00,336.00,205,131,0.00,0.00,0,0
1423930524,s5-eth1,295230.00,10350.00,305580.00,10350,295230,195.00,145.00,340.00,145,195,0.00,0.00,0,0
1423930524,s5-eth2,10416.00,292202.00,302618.00,292202,10416,146.00,193.00,339.00,193,146,0.00,0.00,0,0
1423930524,total,4191788.00,4159968.00,8351756.00,4159968,4191788,4555.00,4535.00,9090.00,4535,4555,0.00,0.00,0,0
1423930525,s1-eth1,1249990.00,27654.00,1277644.00,27654,1249990,827.00,419.00,1246.00,419,827,0.00,0.00,0,0
1423930525,s1-eth3,24816.00,1181164.00,1205980.00,1181164,24816,376.00,782.00,1158.00,782,376,0.00,0.00,0,0
1423930525,s1-eth2,2838.00,124148.00,126986.00,124148,2838,43.00,82.00,125.00,82,43,0.00,0.00,0,0
1423930525,s2-eth1,1181164.00,24816.00,1205980.00,24816,1181164,782.00,376.00,1158.00,376,782,0.00,0.00,0,0
1423930525,s2-eth3,20196.00,948008.00,968204.00,948008,20196,306.00,628.00,934.00,628,306,0.00,0.00,0,0
1423930525,s2-eth2,4686.00,210446.00,215132.00,210446,4686,71.00,139.00,210.00,139,71,0.00,0.00,0,0
1423930525,s3-eth1,948008.00,20196.00,968204.00,20196,948008,628.00,306.00,934.00,306,628,0.00,0.00,0,0
1423930525,s3-eth3,15048.00,705768.00,720816.00,705768,15048,228.00,468.00,696.00,468,228,0.00,0.00,0,0
1423930525,s3-eth2,5148.00,239212.00,244360.00,239212,5148,78.00,158.00,236.00,158,78,0.00,0.00,0,0
1423930525,eth0,146.00,370.00,516.00,370,146,1.00,5.00,6.00,5,1,0.00,0.00,0,0
1423930525,lo,0.00,0.00,0.00,0,0,0.00,0.00,0.00,0,0,0.00,0.00,0,0
1423930525,s4-eth1,705768.00,15048.00,720816.00,15048,705768,468.00,228.00,696.00,228,468,0.00,0.00,0,0
1423930525,s4-eth3,8514.00,399696.00,408210.00,399696,8514,129.00,264.00,393.00,264,129,0.00,0.00,0,0
1423930525,s4-eth2,6534.00,306072.00,312606.00,306072,6534,99.00,204.00,303.00,204,99,0.00,0.00,0,0
1423930525,s5-eth1,399696.00,8514.00,408210.00,8514,399696,264.00,129.00,393.00,129,264,0.00,0.00,0,0
1423930525,s5-eth2,8514.00,399696.00,408210.00,399696,8514,129.00,264.00,393.00,264,129,0.00,0.00,0,0
1423930525,total,4581066.00,4610808.00,9191874.00,4610808,4581066,4429.00,4452.00,8881.00,4452,4429,0.00,0.00,0,0
1423930526,s1-eth1,1250686.00,27654.00,1278340.00,27654,1250686,827.00,419.00,1246.00,419,827,0.00,0.00,0,0
1423930526,s1-eth3,25146.00,1132594.00,1157740.00,1132594,25146,381.00,749.00,1130.00,749,381,0.00,0.00,0,0
1423930526,s1-eth2,2442.00,112036.00,114478.00,112036,2442,37.00,74.00,111.00,74,37,0.00,0.00,0,0
1423930526,s2-eth1,1132594.00,25146.00,1157740.00,25146,1132594,749.00,381.00,1130.00,381,749,0.00,0.00,0,0
1423930526,s2-eth3,20394.00,913064.00,933458.00,913064,20394,309.00,604.00,913.00,604,309,0.00,0.00,0,0
1423930526,s2-eth2,4752.00,216502.00,221254.00,216502,4752,72.00,143.00,215.00,143,72,0.00,0.00,0,0
1423930526,s3-eth1,913064.00,20394.00,933458.00,20394,913064,604.00,309.00,913.00,309,604,0.00,0.00,0,0
1423930526,s3-eth3,15444.00,699590.00,715034.00,699590,15444,234.00,463.00,697.00,463,234,0.00,0.00,0,0
1423930526,s3-eth2,5016.00,230128.00,235144.00,230128,5016,76.00,152.00,228.00,152,76,0.00,0.00,0,0
1423930526,eth0,146.00,158.00,304.00,158,146,1.00,2.00,3.00,2,1,0.00,0.00,0,0
1423930526,lo,0.00,0.00,0.00,0,0,0.00,0.00,0.00,0,0,0.00,0.00,0,0
1423930526,s4-eth1,699590.00,15444.00,715034.00,15444,699590,463.00,234.00,697.00,234,463,0.00,0.00,0,0
1423930526,s4-eth3,9042.00,417864.00,426906.00,417864,9042,137.00,276.00,413.00,276,137,0.00,0.00,0,0
1423930526,s4-eth2,6336.00,283240.00,289576.00,283240,6336,96.00,188.00,284.00,188,96,0.00,0.00,0,0
1423930526,s5-eth1,417864.00,9042.00,426906.00,9042,417864,276.00,137.00,413.00,137,276,0.00,0.00,0,0
1423930526,s5-eth2,9042.00,417864.00,426906.00,417864,9042,137.00,276.00,413.00,276,137,0.00,0.00,0,0
1423930526,total,4511558.00,4520720.00,9032278.00,4520720,4511558,4399.00,4407.00,8806.00,4407,4399,0.00,0.00,0,0
1423930527,s1-eth1,1251382.00,27588.00,1278970.00,27588,1251382,827.00,418.00,1245.00,418,827,0.00,0.00,0,0
1423930527,s1-eth3,24882.00,1146098.00,1170980.00,1146098,24882,377.00,757.00,1134.00,757,377,0.00,0.00,0,0
1423930527,s1-eth2,2706.00,125662.00,128368.00,125662,2706,41.00,83.00,124.00,83,41,0.00,0.00,0,0
1423930527,s2-eth1,1146098.00,24882.00,1170980.00,24882,1146098,757.00,377.00,1134.00,377,757,0.00,0.00,0,0
1423930527,s2-eth3,20064.00,928082.00,948146.00,928082,20064,304.00,613.00,917.00,613,304,0.00,0.00,0,0
1423930527,s2-eth2,4818.00,218016.00,222834.00,218016,4818,73.00,144.00,217.00,144,73,0.00,0.00,0,0
1423930527,s3-eth1,928082.00,20064.00,948146.00,20064,928082,613.00,304.00,917.00,304,613,0.00,0.00,0,0
1423930527,s3-eth3,15180.00,687356.00,702536.00,687356,15180,230.00,454.00,684.00,454,230,0.00,0.00,0,0
1423930527,s3-eth2,4884.00,224072.00,228956.00,224072,4884,74.00,148.00,222.00,148,74,0.00,0.00,0,0
1423930527,eth0,146.00,306.00,452.00,306,146,1.00,5.00,6.00,5,1,0.00,0.00,0,0
1423930527,lo,0.00,0.00,0.00,0,0,0.00,0.00,0.00,0,0,0.00,0.00,0,0
1423930527,s4-eth1,687356.00,15180.00,702536.00,15180,687356,454.00,230.00,684.00,230,454,0.00,0.00,0,0
1423930527,s4-eth3,8910.00,404238.00,413148.00,404238,8910,135.00,267.00,402.00,267,135,0.00,0.00,0,0
1423930527,s4-eth2,6336.00,281604.00,287940.00,281604,6336,96.00,186.00,282.00,186,96,0.00,0.00,0,0
1423930527,s5-eth1,404238.00,8910.00,413148.00,8910,404238,267.00,135.00,402.00,135,267,0.00,0.00,0,0
1423930527,s5-eth2,8910.00,404238.00,413148.00,404238,8910,135.00,267.00,402.00,267,135,0.00,0.00,0,0
1423930527,total,4513992.00,4516296.00,9030288.00,4516296,4513992,4384.00,4388.00,8772.00,4388,4384,0.00,0.00,0,0
1423930528,s1-eth1,1251438.00,30664.00,1282102.00,30664,1251438,827.00,450.00,1277.00,450,827,0.00,0.00,0,0
1423930528,s1-eth3,27392.00,1102370.00,1129762.00,1102370,27392,404.00,729.00,1133.00,729,404,0.00,0.00,0,0
1423930528,s1-eth2,3338.00,119606.00,122944.00,119606,3338,47.00,79.00,126.00,79,47,0.00,0.00,0,0
1423930528,s2-eth1,1102370.00,27392.00,1129762.00,27392,1102370,729.00,404.00,1133.00,404,729,0.00,0.00,0,0
1423930528,s2-eth3,22640.00,905550.00,928190.00,905550,22640,332.00,599.00,931.00,599,332,0.00,0.00,0,0
1423930528,s2-eth2,4752.00,219530.00,224282.00,219530,4752,72.00,145.00,217.00,145,72,0.00,0.00,0,0
1423930528,s3-eth1,905550.00,22640.00,928190.00,22640,905550,599.00,332.00,931.00,332,599,0.00,0.00,0,0
1423930528,s3-eth3,17162.00,658768.00,675930.00,658768,17162,249.00,436.00,685.00,436,249,0.00,0.00,0,0
1423930528,s3-eth2,5478.00,248296.00,253774.00,248296,5478,83.00,164.00,247.00,164,83,0.00,0.00,0,0
1423930528,eth0,146.00,278.00,424.00,278,146,1.00,4.00,5.00,4,1,0.00,0.00,0,0
1423930528,lo,0.00,0.00,0.00,0,0,0.00,0.00,0.00,0,0,0.00,0.00,0,0
1423930528,s4-eth1,658768.00,17162.00,675930.00,17162,658768,436.00,249.00,685.00,249,436,0.00,0.00,0,0
1423930528,s4-eth3,8910.00,404238.00,413148.00,404238,8910,135.00,267.00,402.00,267,135,0.00,0.00,0,0
1423930528,s4-eth2,8252.00,254530.00,262782.00,254530,8252,114.00,169.00,283.00,169,114,0.00,0.00,0,0
1423930528,s5-eth1,404238.00,8910.00,413148.00,8910,404238,267.00,135.00,402.00,135,267,0.00,0.00,0,0
1423930528,s5-eth2,8910.00,404238.00,413148.00,404238,8910,135.00,267.00,402.00,267,135,0.00,0.00,0,0
1423930528,total,4429344.00,4424172.00,8853516.00,4424172,4429344,4430.00,4429.00,8859.00,4429,4430,0.00,0.00,0,0
1423930529,s1-eth1,1249868.00,36682.00,1286550.00,36682,1249868,826.00,511.00,1337.00,511,826,0.00,0.00,0,0
1423930529,s1-eth3,33458.00,1088566.00,1122024.00,1088566,33458,465.00,719.00,1184.00,719,465,0.00,0.00,0,0
1423930529,s1-eth2,3138.00,107494.00,110632.00,107494,3138,45.00,71.00,116.00,71,45,0.00,0.00,0,0
1423930529,s2-eth1,1088566.00,33458.00,1122024.00,33458,1088566,719.00,465.00,1184.00,465,719,0.00,0.00,0,0
1423930529,s2-eth3,25716.00,829672.00,855388.00,829672,25716,360.00,548.00,908.00,548,360,0.00,0.00,0,0
1423930529,s2-eth2,7570.00,236184.00,243754.00,236184,7570,103.00,156.00,259.00,156,103,0.00,0.00,0,0
1423930529,s3-eth1,829672.00,25716.00,855388.00,25716,829672,548.00,360.00,908.00,360,548,0.00,0.00,0,0
1423930529,s3-eth3,17626.00,566236.00,583862.00,566236,17626,249.00,374.00,623.00,374,249,0.00,0.00,0,0
1423930529,s3-eth2,8090.00,261922.00,270012.00,261922,8090,111.00,173.00,284.00,173,111,0.00,0.00,0,0
1423930529,eth0,146.00,490.00,636.00,490,146,1.00,7.00,8.00,7,1,0.00,0.00,0,0
1423930529,lo,860.00,860.00,1720.00,860,860,15.00,15.00,30.00,15,15,0.00,0.00,0,0
1423930529,s4-eth1,566236.00,17626.00,583862.00,17626,566236,374.00,249.00,623.00,249,374,0.00,0.00,0,0
1423930529,s4-eth3,10390.00,381528.00,391918.00,381528,10390,151.00,252.00,403.00,252,151,0.00,0.00,0,0
1423930529,s4-eth2,7236.00,184708.00,191944.00,184708,7236,98.00,122.00,220.00,122,98,0.00,0.00,0,0
1423930529,s5-eth1,381528.00,10390.00,391918.00,10390,381528,252.00,151.00,403.00,151,252,0.00,0.00,0,0
1423930529,s5-eth2,10390.00,381528.00,391918.00,381528,10390,151.00,252.00,403.00,252,151,0.00,0.00,0,0
1423930529,total,4240490.00,4163060.00,8403550.00,4163060,4240490,4468.00,4425.00,8893.00,4425,4468,0.00,0.00,0,0
1423930530,s1-eth1,1250564.00,33978.00,1284542.00,33978,1250564,826.00,495.00,1321.00,495,826,0.00,0.00,0,0
1423930530,s1-eth3,29546.00,1186976.00,1216522.00,1186976,29546,431.00,784.00,1215.00,784,431,0.00,0.00,0,0
1423930530,s1-eth2,4518.00,136260.00,140778.00,136260,4518,65.00,90.00,155.00,90,65,0.00,0.00,0,0
1423930530,s2-eth1,1186976.00,29546.00,1216522.00,29546,1186976,784.00,431.00,1215.00,431,784,0.00,0.00,0,0
1423930530,s2-eth3,22890.00,909914.00,932804.00,909914,22890,331.00,601.00,932.00,601,331,0.00,0.00,0,0
1423930530,s2-eth2,6828.00,283118.00,289946.00,283118,6828,102.00,187.00,289.00,187,102,0.00,0.00,0,0
1423930530,s3-eth1,909914.00,22890.00,932804.00,22890,909914,601.00,331.00,932.00,331,601,0.00,0.00,0,0
1423930530,s3-eth3,16130.00,631338.00,647468.00,631338,16130,231.00,417.00,648.00,417,231,0.00,0.00,0,0
1423930530,s3-eth2,6760.00,278576.00,285336.00,278576,6760,100.00,184.00,284.00,184,100,0.00,0.00,0,0
1423930530,eth0,146.00,66.00,212.00,66,146,1.00,1.00,2.00,1,1,0.00,0.00,0,0
1423930530,lo,0.00,0.00,0.00,0,0,0.00,0.00,0.00,0,0,0.00,0.00,0,0
1423930530,s4-eth1,631338.00,16130.00,647468.00,16130,631338,417.00,231.00,648.00,231,417,0.00,0.00,0,0
1423930530,s4-eth3,11214.00,390612.00,401826.00,390612,11214,157.00,258.00,415.00,258,157,0.00,0.00,0,0
1423930530,s4-eth2,4916.00,243754.00,248670.00,243754,4916,74.00,161.00,235.00,161,74,0.00,0.00,0,0
1423930530,s5-eth1,390612.00,11214.00,401826.00,11214,390612,258.00,157.00,415.00,157,258,0.00,0.00,0,0
1423930530,s5-eth2,11214.00,390612.00,401826.00,390612,11214,157.00,258.00,415.00,258,157,0.00,0.00,0,0
1423930530,total,4483566.00,4564984.00,9048550.00,4564984,4483566,4535.00,4586.00,9121.00,4586,4535,0.00,0.00,0,0
1423930531,s1-eth1,1252078.00,27588.00,1279666.00,27588,1252078,827.00,418.00,1245.00,418,827,0.00,0.00,0,0
1423930531,s1-eth3,25278.00,1176378.00,1201656.00,1176378,25278,383.00,777.00,1160.00,777,383,0.00,0.00,0,0
1423930531,s1-eth2,2310.00,105980.00,108290.00,105980,2310,35.00,70.00,105.00,70,35,0.00,0.00,0,0
1423930531,s2-eth1,1176378.00,25278.00,1201656.00,25278,1176378,777.00,383.00,1160.00,383,777,0.00,0.00,0,0
1423930531,s2-eth3,19668.00,906886.00,926554.00,906886,19668,298.00,599.00,897.00,599,298,0.00,0.00,0,0
1423930531,s2-eth2,5610.00,266464.00,272074.00,266464,5610,85.00,176.00,261.00,176,85,0.00,0.00,0,0
1423930531,s3-eth1,906886.00,19668.00,926554.00,19668,906886,599.00,298.00,897.00,298,599,0.00,0.00,0,0
1423930531,s3-eth3,13662.00,629824.00,643486.00,629824,13662,207.00,416.00,623.00,416,207,0.00,0.00,0,0
1423930531,s3-eth2,5940.00,277062.00,283002.00,277062,5940,90.00,183.00,273.00,183,90,0.00,0.00,0,0
1423930531,eth0,146.00,66.00,212.00,66,146,1.00,1.00,2.00,1,1,0.00,0.00,0,0
1423930531,lo,0.00,0.00,0.00,0,0,0.00,0.00,0.00,0,0,0.00,0.00,0,0
1423930531,s4-eth1,629824.00,13662.00,643486.00,13662,629824,416.00,207.00,623.00,207,416,0.00,0.00,0,0
1423930531,s4-eth3,8844.00,411808.00,420652.00,411808,8844,134.00,272.00,406.00,272,134,0.00,0.00,0,0
1423930531,s4-eth2,4818.00,216502.00,221320.00,216502,4818,73.00,143.00,216.00,143,73,0.00,0.00,0,0
1423930531,s5-eth1,411808.00,8844.00,420652.00,8844,411808,272.00,134.00,406.00,134,272,0.00,0.00,0,0
1423930531,s5-eth2,8844.00,411808.00,420652.00,411808,8844,134.00,272.00,406.00,272,134,0.00,0.00,0,0
1423930531,total,4472094.00,4497818.00,8969912.00,4497818,4472094,4331.00,4349.00,8680.00,4349,4331,0.00,0.00,0,0
1423930532,s1-eth1,1249314.75,33206.79,1282521.50,33240,1250564,825.17,481.52,1306.69,482,826,0.00,0.00,0,0
1423930532,s1-eth3,30017.98,1137390.62,1167408.62,1138528,30048,439.56,751.25,1190.81,752,440,0.00,0.00,0,0
1423930532,s1-eth2,3188.81,81674.33,84863.14,81756,3192,41.96,53.95,95.90,54,42,0.00,0.00,0,0
1423930532,s2-eth1,1137390.62,30017.98,1167408.62,30048,1138528,751.25,439.56,1190.81,440,752,0.00,0.00,0,0
1423930532,s2-eth3,24215.79,871192.81,895408.62,872064,24240,351.65,575.42,927.07,576,352,0.00,0.00,0,0
1423930532,s2-eth2,5736.26,263172.84,268909.09,263436,5742,86.91,173.83,260.74,174,87,0.00,0.00,0,0
1423930532,s3-eth1,871192.81,24215.79,895408.62,24240,872064,575.42,351.65,927.07,352,576,0.00,0.00,0,0
1423930532,s3-eth3,15806.19,620119.88,635926.06,620740,15822,232.77,409.59,642.36,410,233,0.00,0.00,0,0
1423930532,s3-eth2,8409.59,251072.94,259482.53,251324,8418,118.88,165.83,284.72,166,119,0.00,0.00,0,0
1423930532,eth0,145.85,157.84,303.70,158,146,1.00,2.00,3.00,2,1,0.00,0.00,0,0
1423930532,lo,0.00,0.00,0.00,0,0,0.00,0.00,0.00,0,0,0.00,0.00,0,0
1423930532,s4-eth1,620119.88,15806.19,635926.06,15822,620740,409.59,232.77,642.36,233,410,0.00,0.00,0,0
1423930532,s4-eth3,9296.70,425009.00,434305.72,425434,9306,140.86,280.72,421.58,281,141,0.00,0.00,0,0
1423930532,s4-eth2,6443.56,196623.38,203066.94,196820,6450,90.91,129.87,220.78,130,91,0.00,0.00,0,0
1423930532,s5-eth1,425009.00,9296.70,434305.72,9306,425434,280.72,140.86,421.58,141,281,0.00,0.00,0,0
1423930532,s5-eth2,9230.77,428033.97,437264.75,428462,9240,139.86,282.72,422.58,283,140,0.00,0.00,0,0
1423930532,total,4415518.50,4386991.00,8802510.00,4391378,4419934,4486.51,4471.53,8958.04,4476,4491,0.00,0.00,0,0
1423930533,s1-eth1,1250555.50,28231.77,1278787.25,28260,1251806,826.17,427.57,1253.75,428,827,0.00,0.00,0,0
1423930533,s1-eth3,26109.89,1212743.25,1238853.12,1213956,26136,395.60,801.20,1196.80,802,396,0.00,0.00,0,0
1423930533,s1-eth2,2121.88,58987.02,61108.89,59046,2124,31.97,38.96,70.93,39,32,0.00,0.00,0,0
1423930533,s2-eth1,1212743.25,26109.89,1238853.12,26136,1213956,801.20,395.60,1196.80,396,802,0.00,0.00,0,0
1423930533,s2-eth3,19846.15,925370.62,945216.81,926296,19866,300.70,611.39,912.09,612,301,0.00,0.00,0,0
1423930533,s2-eth2,6329.67,287372.62,293702.31,287660,6336,95.90,189.81,285.71,190,96,0.00,0.00,0,0
1423930533,s3-eth1,925370.62,19846.15,945216.81,19866,926296,611.39,300.70,912.09,301,612,0.00,0.00,0,0
1423930533,s3-eth3,14505.50,668247.75,682753.25,668916,14520,219.78,441.56,661.34,442,220,0.00,0.00,0,0
1423930533,s3-eth2,5406.59,260147.86,265554.44,260408,5412,81.92,171.83,253.75,172,82,0.00,0.00,0,0
1423930533,eth0,145.85,267.73,413.59,268,146,1.00,4.00,5.00,4,1,0.00,0.00,0,0
1423930533,lo,0.00,0.00,0.00,0,0,0.00,0.00,0.00,0,0,0.00,0.00,0,0
1423930533,s4-eth1,668247.75,14505.50,682753.25,14520,668916,441.56,219.78,661.34,220,442,0.00,0.00,0,0
1423930533,s4-eth3,9758.24,453474.53,463232.78,453928,9768,147.85,299.70,447.55,300,148,0.00,0.00,0,0
1423930533,s4-eth2,4813.19,214773.23,219586.42,214988,4818,72.93,141.86,214.79,142,73,0.00,0.00,0,0
1423930533,s5-eth1,453474.53,9758.24,463232.78,9768,453928,299.70,147.85,447.55,148,300,0.00,0.00,0,0
1423930533,s5-eth2,9824.18,450449.56,460273.75,450900,9834,148.85,297.70,446.55,298,149,0.00,0.00,0,0
1423930533,total,4609253.00,4630286.00,9239539.00,4634916,4613862,4476.52,4489.51,8966.03,4494,4481,0.00,0.00,0,0
1423930534,s1-eth1,1251438.00,27498.00,1278936.00,27498,1251438,827.00,417.00,1244.00,417,827,0.00,0.00,0,0
1423930534,s1-eth3,26112.00,1210560.00,1236672.00,1210560,26112,396.00,800.00,1196.00,800,396,0.00,0.00,0,0
1423930534,s1-eth2,1320.00,59046.00,60366.00,59046,1320,20.00,39.00,59.00,39,20,0.00,0.00,0,0
1423930534,s2-eth1,1210560.00,26112.00,1236672.00,26112,1210560,800.00,396.00,1196.00,396,800,0.00,0.00,0,0
1423930534,s2-eth3,20040.00,931984.00,952024.00,931984,20040,304.00,616.00,920.00,616,304,0.00,0.00,0,0
1423930534,s2-eth2,6072.00,284632.00,290704.00,284632,6072,92.00,188.00,280.00,188,92,0.00,0.00,0,0
1423930534,s3-eth1,931984.00,20040.00,952024.00,20040,931984,616.00,304.00,920.00,304,616,0.00,0.00,0,0
1423930534,s3-eth3,13860.00,644324.00,658184.00,644324,13860,210.00,426.00,636.00,426,210,0.00,0.00,0,0
1423930534,s3-eth2,6114.00,284632.00,290746.00,284632,6114,93.00,188.00,281.00,188,93,0.00,0.00,0,0
1423930534,eth0,146.00,360.00,506.00,360,146,1.00,5.00,6.00,5,1,0.00,0.00,0,0
1423930534,lo,1748.00,1748.00,3496.00,1748,1748,24.00,24.00,48.00,24,24,0.00,0.00,0,0
1423930534,s4-eth1,644324.00,13860.00,658184.00,13860,644324,426.00,210.00,636.00,210,426,0.00,0.00,0,0
1423930534,s4-eth3,9042.00,414196.00,423238.00,414196,9042,137.00,274.00,411.00,274,137,0.00,0.00,0,0
1423930534,s4-eth2,4818.00,227100.00,231918.00,227100,4818,73.00,150.00,223.00,150,73,0.00,0.00,0,0
1423930534,s5-eth1,414196.00,9042.00,423238.00,9042,414196,274.00,137.00,411.00,137,274,0.00,0.00,0,0
1423930534,s5-eth2,9042.00,414196.00,423238.00,414196,9042,137.00,274.00,411.00,274,137,0.00,0.00,0,0
1423930534,total,4550816.00,4569330.00,9120146.00,4569330,4550816,4430.00,4448.00,8878.00,4448,4430,0.00,0.00,0,0
1423930535,s1-eth1,1250355.62,33378.62,1283734.25,33412,1251606,830.17,481.52,1311.69,482,831,0.00,0.00,0,0
1423930535,s1-eth3,31688.31,1160437.62,1192125.88,1161598,31720,455.54,770.23,1225.77,771,456,0.00,0.00,0,0
1423930535,s1-eth2,1690.31,74153.85,75844.16,74228,1692,25.97,49.95,75.92,50,26,0.00,0.00,0,0
1423930535,s2-eth1,1160437.62,31688.31,1192125.88,31720,1161598,770.23,455.54,1225.77,456,771,0.00,0.00,0,0
1423930535,s2-eth3,22573.43,922935.06,945508.50,923858,22596,335.66,612.39,948.05,613,336,0.00,0.00,0,0
1423930535,s2-eth2,9114.89,234477.53,243592.42,234712,9124,119.88,155.84,275.72,156,120,0.00,0.00,0,0
1423930535,s3-eth1,922935.06,22573.43,945508.50,22596,923858,612.39,335.66,948.05,336,613,0.00,0.00,0,0
1423930535,s3-eth3,16177.82,629470.56,645648.38,630100,16194,238.76,417.58,656.34,418,239,0.00,0.00,0,0
1423930535,s3-eth2,6395.60,293464.53,299860.16,293758,6402,96.90,194.81,291.71,195,97,0.00,0.00,0,0
1423930535,eth0,235.76,427.57,663.34,428,236,2.00,5.99,7.99,6,2,0.00,0.00,0,0
1423930535,lo,5098.90,5098.90,10197.80,5104,5104,46.95,46.95,93.91,47,47,0.00,0.00,0,0
1423930535,s4-eth1,629470.56,16177.82,645648.38,16194,630100,417.58,238.76,656.34,239,418,0.00,0.00,0,0
1423930535,s4-eth3,9800.20,449484.53,459284.72,449934,9810,148.85,298.70,447.55,299,149,0.00,0.00,0,0
1423930535,s4-eth2,6377.62,183011.00,189388.61,183194,6384,89.91,120.88,210.79,121,90,0.00,0.00,0,0
1423930535,s5-eth1,449484.53,9800.20,459284.72,9810,449934,298.70,148.85,447.55,149,299,0.00,0.00,0,0
1423930535,s5-eth2,9734.27,449484.53,459218.78,449934,9744,147.85,298.70,446.55,299,148,0.00,0.00,0,0
1423930535,total,4531570.50,4516064.00,9047635.00,4520580,4536102,4637.36,4632.37,9269.73,4637,4642,0.00,0.00,0,0
1423930536,s1-eth1,1249924.00,27588.00,1277512.00,27588,1249924,826.00,418.00,1244.00,418,826,0.00,0.00,0,0
1423930536,s1-eth3,25872.00,1194546.00,1220418.00,1194546,25872,392.00,789.00,1181.00,789,392,0.00,0.00,0,0
1423930536,s1-eth2,1716.00,80242.00,81958.00,80242,1716,26.00,53.00,79.00,53,26,0.00,0.00,0,0
1423930536,s2-eth1,1194546.00,25872.00,1220418.00,25872,1194546,789.00,392.00,1181.00,392,789,0.00,0.00,0,0
1423930536,s2-eth3,20460.00,940194.00,960654.00,940194,20460,310.00,621.00,931.00,621,310,0.00,0.00,0,0
1423930536,s2-eth2,5346.00,254352.00,259698.00,254352,5346,81.00,168.00,249.00,168,81,0.00,0.00,0,0
1423930536,s3-eth1,940194.00,20460.00,960654.00,20460,940194,621.00,310.00,931.00,310,621,0.00,0.00,0,0
1423930536,s3-eth3,13926.00,640422.00,654348.00,640422,13926,211.00,423.00,634.00,423,211,0.00,0.00,0,0
1423930536,s3-eth2,6600.00,299772.00,306372.00,299772,6600,100.00,198.00,298.00,198,100,0.00,0.00,0,0
1423930536,eth0,236.00,216.00,452.00,216,236,2.00,3.00,5.00,3,2,0.00,0.00,0,0
1423930536,lo,0.00,0.00,0.00,0,0,0.00,0.00,0.00,0,0,0.00,0.00,0,0
1423930536,s4-eth1,640422.00,13926.00,654348.00,13926,640422,423.00,211.00,634.00,211,423,0.00,0.00,0,0
1423930536,s4-eth3,9834.00,446630.00,456464.00,446630,9834,149.00,295.00,444.00,295,149,0.00,0.00,0,0
1423930536,s4-eth2,4092.00,190764.00,194856.00,190764,4092,62.00,126.00,188.00,126,62,0.00,0.00,0,0
1423930536,s5-eth1,446630.00,9834.00,456464.00,9834,446630,295.00,149.00,444.00,149,295,0.00,0.00,0,0
1423930536,s5-eth2,9900.00,446630.00,456530.00,446630,9900,150.00,295.00,445.00,295,150,0.00,0.00,0,0
1423930536,total,4569698.00,4591448.00,9161146.00,4591448,4569698,4437.00,4451.00,8888.00,4451,4437,0.00,0.00,0,0
1423930537,s1-eth1,1250112.00,32112.00,1282224.00,32112,1250112,828.00,472.00,1300.00,472,828,0.00,0.00,0,0
1423930537,s1-eth3,29274.00,956782.00,986056.00,956782,29274,429.00,635.00,1064.00,635,429,0.00,0.00,0,0
1423930537,s1-eth2,2904.00,146858.00,149762.00,146858,2904,44.00,97.00,141.00,97,44,0.00,0.00,0,0
1423930537,s2-eth1,956782.00,29274.00,986056.00,29274,956782,635.00,429.00,1064.00,429,635,0.00,0.00,0,0
1423930537,s2-eth3,21078.00,745150.00,766228.00,745150,21078,313.00,495.00,808.00,495,313,0.00,0.00,0,0
1423930537,s2-eth2,8262.00,208604.00,216866.00,208604,8262,117.00,138.00,255.00,138,117,0.00,0.00,0,0
1423930537,s3-eth1,745150.00,21078.00,766228.00,21078,745150,495.00,313.00,808.00,313,495,0.00,0.00,0,0
1423930537,s3-eth3,13950.00,423468.00,437418.00,423468,13950,205.00,282.00,487.00,282,205,0.00,0.00,0,0
1423930537,s3-eth2,7128.00,321682.00,328810.00,321682,7128,108.00,213.00,321.00,213,108,0.00,0.00,0,0
1423930537,eth0,114.00,480.00,594.00,480,114,1.00,7.00,8.00,7,1,0.00,0.00,0,0
1423930537,lo,0.00,0.00,0.00,0,0,0.00,0.00,0.00,0,0,0.00,0.00,0,0
1423930537,s4-eth1,423468.00,13950.00,437418.00,13950,423468,282.00,205.00,487.00,205,282,0.00,0.00,0,0
1423930537,s4-eth3,7260.00,220592.00,227852.00,220592,7260,110.00,148.00,258.00,148,110,0.00,0.00,0,0
1423930537,s4-eth2,6690.00,202876.00,209566.00,202876,6690,95.00,134.00,229.00,134,95,0.00,0.00,0,0
1423930537,s5-eth1,220592.00,7260.00,227852.00,7260,220592,148.00,110.00,258.00,110,148,0.00,0.00,0,0
1423930537,s5-eth2,7260.00,220592.00,227852.00,220592,7260,110.00,148.00,258.00,148,110,0.00,0.00,0,0
1423930537,total,3700024.00,3550758.00,7250782.00,3550758,3700024,3920.00,3826.00,7746.00,3826,3920,0.00,0.00,0,0
1423930538,eth0,2195.80,1726.27,3922.08,1728,2198,18.98,25.97,44.96,26,19,0.00,0.00,0,0
1423930538,lo,1914.09,1914.09,3828.17,1916,1916,26.97,26.97,53.95,27,27,0.00,0.00,0,0
1423930538,total,18428316258828025856.00,18428316258828025856.00,18428316258828025856.00,18446744073577229065,18446744073577620051,18428316258827892736.00,18428316258827892736.00,18428316258827759616.00,18446744073709418245,18446744073709418366,0.00,0.00,0,0
1423930539,eth0,113.89,305.69,419.58,306,114,1.00,5.00,5.99,5,1,0.00,0.00,0,0
1423930539,lo,0.00,0.00,0.00,0,0,0.00,0.00,0.00,0,0,0.00,0.00,0,0
1423930539,total,113.89,305.69,419.58,306,114,1.00,5.00,5.99,5,1,0.00,0.00,0,0
1423930540,eth0,173.83,475.52,649.35,476,174,2.00,4.00,5.99,4,2,0.